175000602122|0580||T1019|||||20130211|000020.00|000084.40|||                                                                                                                                                                                                                                                                                                                                                                                                                                                        
175000602122|0580||T1019|||||20130212|000024.00|000101.28|||                                                                                                                                                                                                                                                                                                                                                                                                                                                        
175000602122|0580||T1019|||||20130213|000020.00|000084.40|||                                                                                                                                                                                                                                                                                                                                                                                                                                                        
175000602123|0580||T1019|||||20130214|000032.00|000135.04|||                                                                                                                                                                                                                                                                                                                                                                                                                                                        
175000602123|0580||T1019|||||20130215|000032.00|000135.04|||                                                                                                                                                                                                                                                                                                                                                                                                                                                        
175000602124|0580||T1019|||||20130209|000048.00|000202.56|||                                                                                                                                                                                                                                                                                                                                                                                                                                                        
175000602124|0580||T1019|||||20130210|000048.00|000202.56|||                                                                                                                                                                                                                                                                                                                                                                                                                                                        
175000602124|0580||T1019|||||20130211|000048.00|000202.56|||                                                                                                                                                                                                                                                                                                                                                                                                                                                        
175000602124|0580||T1019|||||20130212|000048.00|000202.56|||                                                                                                                                                                                                                                                                                                                                                                                                                                                        
175000602124|0580||T1019|||||20130213|000048.00|000202.56|||                                                                                                                                                                                                                                                                                                                                                                                                                                                        
175000602124|0580||T1019|||||20130214|000048.00|000202.56|||                                                                                                                                                                                                                                                                                                                                                                                                                                                        
175000602124|0580||T1019|||||20130215|000048.00|000202.56|||                                                                                                                                                                                                                                                                                                                                                                                                                                                        
175000602125|0572||G0156|||||20130209|000008.00|000114.00|||                                                                                                                                                                                                                                                                                                                                                                                                                                                        
175000602125|0572||G0156|||||20130210|000008.00|000114.00|||                                                                                                                                                                                                                                                                                                                                                                                                                                                        
175000602125|0572||G0156|||||20130211|000008.00|000114.00|||                                                                                                                                                                                                                                                                                                                                                                                                                                                        
175000602125|0572||G0156|||||20130212|000001.00|000014.25|||                                                                                                                                                                                                                                                                                                                                                                                                                                                        
175000602126|0572||G0156|||||20130209|000012.00|000171.00|||                                                                                                                                                                                                                                                                                                                                                                                                                                                        
175000602126|0572||G0156|||||20130210|000012.00|000171.00|||                                                                                                                                                                                                                                                                                                                                                                                                                                                        
175000602126|0572||G0156|||||20130211|000012.00|000171.00|||                                                                                                                                                                                                                                                                                                                                                                                                                                                        
175000602126|0572||G0156|||||20130212|000012.00|000171.00|||                                                                                                                                                                                                                                                                                                                                                                                                                                                        
175000602126|0572||G0156|||||20130213|000012.00|000171.00|||                                                                                                                                                                                                                                                                                                                                                                                                                                                        
175000602126|0572||G0156|||||20130214|000012.00|000171.00|||                                                                                                                                                                                                                                                                                                                                                                                                                                                        
175000602126|0572||G0156|||||20130215|000012.00|000171.00|||                                                                                                                                                                                                                                                                                                                                                                                                                                                        
175000602127|0580||T1019|||||20130211|000016.00|000067.52|||                                                                                                                                                                                                                                                                                                                                                                                                                                                        
175000602127|0580||T1019|||||20130212|000016.00|000067.52|||                                                                                                                                                                                                                                                                                                                                                                                                                                                        
175000602127|0580||T1019|||||20130213|000016.00|000067.52|||                                                                                                                                                                                                                                                                                                                                                                                                                                                        
175000602127|0580||T1019|||||20130214|000016.00|000067.52|||                                                                                                                                                                                                                                                                                                                                                                                                                                                        
175000602127|0580||T1019|||||20130215|000016.00|000067.52|||                                                                                                                                                                                                                                                                                                                                                                                                                                                        
175000602128|0580||T1019|||||20130210|000036.00|000151.92|||                                                                                                                                                                                                                                                                                                                                                                                                                                                        
175000602128|0580||T1019|||||20130211|000036.00|000151.92|||                                                                                                                                                                                                                                                                                                                                                                                                                                                        
175000602128|0580||T1019|||||20130212|000036.00|000151.92|||                                                                                                                                                                                                                                                                                                                                                                                                                                                        
175000602128|0580||T1019|||||20130213|000036.00|000151.92|||                                                                                                                                                                                                                                                                                                                                                                                                                                                        
175000602128|0580||T1019|||||20130214|000036.00|000151.92|||                                                                                                                                                                                                                                                                                                                                                                                                                                                        
175000602128|0580||T1019|||||20130215|000036.00|000151.92|||                                                                                                                                                                                                                                                                                                                                                                                                                                                        
175000602129|0580||T1019|||||20130209|000028.00|000118.16|||                                                                                                                                                                                                                                                                                                                                                                                                                                                        
175000602129|0580||T1019|||||20130210|000028.00|000118.16|||                                                                                                                                                                                                                                                                                                                                                                                                                                                        
175000602129|0580||T1019|||||20130211|000028.00|000118.16|||                                                                                                                                                                                                                                                                                                                                                                                                                                                        
175000602129|0580||T1019|||||20130212|000028.00|000118.16|||                                                                                                                                                                                                                                                                                                                                                                                                                                                        
175000602129|0580||T1019|||||20130213|000028.00|000118.16|||                                                                                                                                                                                                                                                                                                                                                                                                                                                        
175000602129|0580||T1019|||||20130214|000028.00|000118.16|||                                                                                                                                                                                                                                                                                                                                                                                                                                                        
175000602129|0580||T1019|||||20130215|000028.00|000118.16|||                                                                                                                                                                                                                                                                                                                                                                                                                                                        
175000602130|0580||T1019|||||20130210|000048.00|000202.56|||                                                                                                                                                                                                                                                                                                                                                                                                                                                        
175000602130|0580||T1019|||||20130211|000048.00|000202.56|||                                                                                                                                                                                                                                                                                                                                                                                                                                                        
175000602130|0580||T1019|||||20130212|000048.00|000202.56|||                                                                                                                                                                                                                                                                                                                                                                                                                                                        
175000602130|0580||T1019|||||20130213|000048.00|000202.56|||                                                                                                                                                                                                                                                                                                                                                                                                                                                        
175000602130|0580||T1019|||||20130214|000048.00|000202.56|||                                                                                                                                                                                                                                                                                                                                                                                                                                                        
175000602130|0580||T1019|||||20130215|000031.00|000130.82|||                                                                                                                                                                                                                                                                                                                                                                                                                                                        
175000602131|0580||T1019|||||20130214|000016.00|000067.52|||                                                                                                                                                                                                                                                                                                                                                                                                                                                        
175000602131|0580||T1019|||||20130215|000016.00|000067.52|||                                                                                                                                                                                                                                                                                                                                                                                                                                                        
175000602132|0580||T1019|||||20130209|000048.00|000202.56|||                                                                                                                                                                                                                                                                                                                                                                                                                                                        
175000602132|0580||T1019|||||20130210|000048.00|000202.56|||                                                                                                                                                                                                                                                                                                                                                                                                                                                        
175000602132|0580||T1019|||||20130211|000048.00|000202.56|||                                                                                                                                                                                                                                                                                                                                                                                                                                                        
175000602132|0580||T1019|||||20130212|000048.00|000202.56|||                                                                                                                                                                                                                                                                                                                                                                                                                                                        
175000602132|0580||T1019|||||20130213|000048.00|000202.56|||                                                                                                                                                                                                                                                                                                                                                                                                                                                        
175000602132|0580||T1019|||||20130214|000048.00|000202.56|||                                                                                                                                                                                                                                                                                                                                                                                                                                                        
175000602132|0580||T1019|||||20130215|000048.00|000202.56|||                                                                                                                                                                                                                                                                                                                                                                                                                                                        
175000602133|0580||T1019|||||20130209|000032.00|000135.04|||                                                                                                                                                                                                                                                                                                                                                                                                                                                        
175000602133|0580||T1019|||||20130210|000032.00|000135.04|||                                                                                                                                                                                                                                                                                                                                                                                                                                                        
175000602133|0580||T1019|||||20130211|000032.00|000135.04|||                                                                                                                                                                                                                                                                                                                                                                                                                                                        
175000602133|0580||T1019|||||20130212|000032.00|000135.04|||                                                                                                                                                                                                                                                                                                                                                                                                                                                        
175000602133|0580||T1019|||||20130213|000032.00|000135.04|||                                                                                                                                                                                                                                                                                                                                                                                                                                                        
175000602133|0580||T1019|||||20130214|000032.00|000135.04|||                                                                                                                                                                                                                                                                                                                                                                                                                                                        
175000602133|0580||T1019|||||20130215|000032.00|000135.04|||                                                                                                                                                                                                                                                                                                                                                                                                                                                        
175000602134|0580||T1019|||||20130212|000020.00|000084.40|||                                                                                                                                                                                                                                                                                                                                                                                                                                                        
175000602134|0580||T1019|||||20130213|000020.00|000084.40|||                                                                                                                                                                                                                                                                                                                                                                                                                                                        
175000602134|0580||T1019|||||20130214|000020.00|000084.40|||                                                                                                                                                                                                                                                                                                                                                                                                                                                        
175000602134|0580||T1019|||||20130215|000020.00|000084.40|||                                                                                                                                                                                                                                                                                                                                                                                                                                                        
175000602135|0580||T1019|||||20130211|000016.00|000067.52|||                                                                                                                                                                                                                                                                                                                                                                                                                                                        
175000602135|0580||T1019|||||20130213|000016.00|000067.52|||                                                                                                                                                                                                                                                                                                                                                                                                                                                        
175000602135|0580||T1019|||||20130214|000016.00|000067.52|||                                                                                                                                                                                                                                                                                                                                                                                                                                                        
175000602135|0580||T1019|||||20130215|000016.00|000067.52|||                                                                                                                                                                                                                                                                                                                                                                                                                                                        
175000602136|0580||T1019|||||20130213|000036.00|000151.92|||                                                                                                                                                                                                                                                                                                                                                                                                                                                        
175000602136|0580||T1019|||||20130214|000040.00|000168.80|||                                                                                                                                                                                                                                                                                                                                                                                                                                                        
175000602137|0580||T1019|||||20130211|000040.00|000168.80|||                                                                                                                                                                                                                                                                                                                                                                                                                                                        
175000602137|0580||T1019|||||20130212|000040.00|000168.80|||                                                                                                                                                                                                                                                                                                                                                                                                                                                        
175000602137|0580||T1019|||||20130213|000040.00|000168.80|||                                                                                                                                                                                                                                                                                                                                                                                                                                                        
175000602137|0580||T1019|||||20130214|000040.00|000168.80|||                                                                                                                                                                                                                                                                                                                                                                                                                                                        
175000602138|0580||T1019|||||20130209|000020.00|000084.40|||                                                                                                                                                                                                                                                                                                                                                                                                                                                        
175000602138|0580||T1019|||||20130210|000020.00|000084.40|||                                                                                                                                                                                                                                                                                                                                                                                                                                                        
175000602138|0580||T1019|||||20130211|000020.00|000084.40|||                                                                                                                                                                                                                                                                                                                                                                                                                                                        
175000602138|0580||T1019|||||20130212|000016.00|000067.52|||                                                                                                                                                                                                                                                                                                                                                                                                                                                        
175000602138|0580||T1019|||||20130213|000020.00|000084.40|||                                                                                                                                                                                                                                                                                                                                                                                                                                                        
175000602138|0580||T1019|||||20130214|000020.00|000084.40|||                                                                                                                                                                                                                                                                                                                                                                                                                                                        
175000602138|0580||T1019|||||20130215|000020.00|000084.40|||                                                                                                                                                                                                                                                                                                                                                                                                                                                        
175000602139|0580||T1019|||||20130215|000020.00|000084.40|||                                                                                                                                                                                                                                                                                                                                                                                                                                                        
175000602140|0580||T1019|||||20130211|000016.00|000067.52|||                                                                                                                                                                                                                                                                                                                                                                                                                                                        
175000602140|0580||T1019|||||20130212|000004.00|000016.88|||                                                                                                                                                                                                                                                                                                                                                                                                                                                        
175000602140|0580||T1019|||||20130213|000016.00|000067.52|||                                                                                                                                                                                                                                                                                                                                                                                                                                                        
175000602140|0580||T1019|||||20130215|000016.00|000067.52|||                                                                                                                                                                                                                                                                                                                                                                                                                                                        
175000602190|0580||T1019|||||20130209|000040.00|000168.80|||                                                                                                                                                                                                                                                                                                                                                                                                                                                        
175000602190|0580||T1019|||||20130210|000040.00|000168.80|||                                                                                                                                                                                                                                                                                                                                                                                                                                                        
175000602190|0580||T1019|||||20130211|000040.00|000168.80|||                                                                                                                                                                                                                                                                                                                                                                                                                                                        
175000602190|0580||T1019|||||20130214|000040.00|000168.80|||                                                                                                                                                                                                                                                                                                                                                                                                                                                        
175000602191|0580||T1019|||||20130213|000016.00|000067.52|||                                                                                                                                                                                                                                                                                                                                                                                                                                                        
175000602191|0580||T1019|||||20130214|000016.00|000067.52|||                                                                                                                                                                                                                                                                                                                                                                                                                                                        
175000602191|0580||T1019|||||20130215|000016.00|000067.52|||                                                                                                                                                                                                                                                                                                                                                                                                                                                        
175000602192|0582||S5130|||||20130214|000016.00|000067.52|||                                                                                                                                                                                                                                                                                                                                                                                                                                                        
175000602192|0582||S5130|||||20130215|000016.00|000067.52|||                                                                                                                                                                                                                                                                                                                                                                                                                                                        
175000602193|0580||T1019|||||20130211|000016.00|000060.00|||                                                                                                                                                                                                                                                                                                                                                                                                                                                        
175000602193|0580||T1019|||||20130212|000016.00|000060.00|||                                                                                                                                                                                                                                                                                                                                                                                                                                                        
175000602193|0580||T1019|||||20130213|000016.00|000060.00|||                                                                                                                                                                                                                                                                                                                                                                                                                                                        
175000602193|0580||T1019|||||20130214|000016.00|000060.00|||                                                                                                                                                                                                                                                                                                                                                                                                                                                        
175000602193|0580||T1019|||||20130215|000016.00|000060.00|||                                                                                                                                                                                                                                                                                                                                                                                                                                                        
175000602194|0580||T1019|||||20130209|000024.00|000090.00|||                                                                                                                                                                                                                                                                                                                                                                                                                                                        
175000602194|0580||T1019|||||20130211|000024.00|000090.00|||                                                                                                                                                                                                                                                                                                                                                                                                                                                        
175000602194|0580||T1019|||||20130212|000024.00|000090.00|||                                                                                                                                                                                                                                                                                                                                                                                                                                                        
175000602194|0580||T1019|||||20130213|000024.00|000090.00|||                                                                                                                                                                                                                                                                                                                                                                                                                                                        
175000602194|0580||T1019|||||20130214|000024.00|000090.00|||                                                                                                                                                                                                                                                                                                                                                                                                                                                        
175000602194|0580||T1019|||||20130215|000024.00|000090.00|||                                                                                                                                                                                                                                                                                                                                                                                                                                                        
175000602195|0580||T1019|||||20130211|000032.00|000120.00|||                                                                                                                                                                                                                                                                                                                                                                                                                                                        
175000602195|0580||T1019|||||20130212|000036.00|000135.00|||                                                                                                                                                                                                                                                                                                                                                                                                                                                        
175000602195|0580||T1019|||||20130213|000032.00|000120.00|||                                                                                                                                                                                                                                                                                                                                                                                                                                                        
175000602195|0580||T1019|||||20130214|000036.00|000135.00|||                                                                                                                                                                                                                                                                                                                                                                                                                                                        
175000602195|0580||T1019|||||20130215|000032.00|000120.00|||                                                                                                                                                                                                                                                                                                                                                                                                                                                        
175000602196|0580||T1019|||||20130209|000036.00|000151.92|||                                                                                                                                                                                                                                                                                                                                                                                                                                                        
175000602196|0580||T1019|||||20130210|000036.00|000151.92|||                                                                                                                                                                                                                                                                                                                                                                                                                                                        
175000602196|0580||T1019|||||20130211|000036.00|000151.92|||                                                                                                                                                                                                                                                                                                                                                                                                                                                        
175000602196|0580||T1019|||||20130212|000036.00|000151.92|||                                                                                                                                                                                                                                                                                                                                                                                                                                                        
175000602196|0580||T1019|||||20130213|000036.00|000151.92|||                                                                                                                                                                                                                                                                                                                                                                                                                                                        
175000602196|0580||T1019|||||20130214|000036.00|000151.92|||                                                                                                                                                                                                                                                                                                                                                                                                                                                        
175000602196|0580||T1019|||||20130215|000036.00|000151.92|||                                                                                                                                                                                                                                                                                                                                                                                                                                                        
175000602197|0580||T1019|||||20130211|000016.00|000067.52|||                                                                                                                                                                                                                                                                                                                                                                                                                                                        
175000602197|0580||T1019|||||20130212|000016.00|000067.52|||                                                                                                                                                                                                                                                                                                                                                                                                                                                        
175000602197|0580||T1019|||||20130213|000016.00|000067.52|||                                                                                                                                                                                                                                                                                                                                                                                                                                                        
175000602197|0580||T1019|||||20130214|000016.00|000067.52|||                                                                                                                                                                                                                                                                                                                                                                                                                                                        
175000602197|0580||T1019|||||20130215|000016.00|000067.52|||                                                                                                                                                                                                                                                                                                                                                                                                                                                        
175000602198|0580||T1019|||||20130208|000016.00|000067.52|||                                                                                                                                                                                                                                                                                                                                                                                                                                                        
175000602198|0580||T1019|||||20130212|000016.00|000067.52|||                                                                                                                                                                                                                                                                                                                                                                                                                                                        
175000602198|0580||T1019|||||20130213|000016.00|000067.52|||                                                                                                                                                                                                                                                                                                                                                                                                                                                        
175000602198|0580||T1019|||||20130214|000016.00|000067.52|||                                                                                                                                                                                                                                                                                                                                                                                                                                                        
175000602198|0580||T1019|||||20130215|000016.00|000067.52|||                                                                                                                                                                                                                                                                                                                                                                                                                                                        
175000602199|0570||T1019|1C||||20130212|000006.00|000095.40|||                                                                                                                                                                                                                                                                                                                                                                                                                                                      
175000602199|0570||T1019|1C||||20130213|000006.00|000095.40|||                                                                                                                                                                                                                                                                                                                                                                                                                                                      
175000602199|0570||T1019|1C||||20130214|000006.00|000095.40|||                                                                                                                                                                                                                                                                                                                                                                                                                                                      
175000602199|0570||T1019|1C||||20130215|000006.00|000095.40|||                                                                                                                                                                                                                                                                                                                                                                                                                                                      
175000602200|0570||T1019|1C||||20130212|000001.00|000015.90|||                                                                                                                                                                                                                                                                                                                                                                                                                                                      
175000602201|0570||T1019|1C||||20130209|000004.00|000063.60|||                                                                                                                                                                                                                                                                                                                                                                                                                                                      
175000602201|0570||T1019|1C||||20130210|000004.00|000063.60|||                                                                                                                                                                                                                                                                                                                                                                                                                                                      
175000602201|0570||T1019|1C||||20130211|000004.00|000063.60|||                                                                                                                                                                                                                                                                                                                                                                                                                                                      
175000602201|0570||T1019|1C||||20130212|000004.00|000063.60|||                                                                                                                                                                                                                                                                                                                                                                                                                                                      
175000602201|0570||T1019|1C||||20130213|000004.00|000063.60|||                                                                                                                                                                                                                                                                                                                                                                                                                                                      
175000602201|0570||T1019|1C||||20130215|000004.00|000063.60|||                                                                                                                                                                                                                                                                                                                                                                                                                                                      
175000602202|0570||T1019|1C||||20130211|000004.00|000063.60|||                                                                                                                                                                                                                                                                                                                                                                                                                                                      
175000602202|0570||T1019|1C||||20130212|000004.00|000063.60|||                                                                                                                                                                                                                                                                                                                                                                                                                                                      
175000602202|0570||T1019|1C||||20130213|000004.00|000063.60|||                                                                                                                                                                                                                                                                                                                                                                                                                                                      
175000602202|0570||T1019|1C||||20130214|000004.00|000063.60|||                                                                                                                                                                                                                                                                                                                                                                                                                                                      
175000602202|0570||T1019|1C||||20130215|000004.00|000063.60|||                                                                                                                                                                                                                                                                                                                                                                                                                                                      
175000602203|0570||T1019|1C||||20130211|000004.00|000063.60|||                                                                                                                                                                                                                                                                                                                                                                                                                                                      
175000602203|0570||T1019|1C||||20130212|000004.00|000063.60|||                                                                                                                                                                                                                                                                                                                                                                                                                                                      
175000602203|0570||T1019|1C||||20130213|000004.00|000063.60|||                                                                                                                                                                                                                                                                                                                                                                                                                                                      
175000602203|0570||T1019|1C||||20130214|000004.00|000063.60|||                                                                                                                                                                                                                                                                                                                                                                                                                                                      
175000602203|0570||T1019|1C||||20130215|000004.00|000063.60|||                                                                                                                                                                                                                                                                                                                                                                                                                                                      
