175000634812|0580||T1019|||||20130225|000024.00|000101.28|||                                                                                                                                                                                                                                                                                                                                                                                                                                                        
175000634812|0580||T1019|||||20130226|000024.00|000101.28|||                                                                                                                                                                                                                                                                                                                                                                                                                                                        
175000634812|0580||T1019|||||20130227|000024.00|000101.28|||                                                                                                                                                                                                                                                                                                                                                                                                                                                        
175000634812|0580||T1019|||||20130228|000024.00|000101.28|||                                                                                                                                                                                                                                                                                                                                                                                                                                                        
175000634812|0580||T1019|||||20130301|000024.00|000101.28|||                                                                                                                                                                                                                                                                                                                                                                                                                                                        
175000634813|0580||T1019|||||20130225|000032.00|000135.04|||                                                                                                                                                                                                                                                                                                                                                                                                                                                        
175000634813|0580||T1019|||||20130226|000032.00|000135.04|||                                                                                                                                                                                                                                                                                                                                                                                                                                                        
175000634813|0580||T1019|||||20130227|000032.00|000135.04|||                                                                                                                                                                                                                                                                                                                                                                                                                                                        
175000634813|0580||T1019|||||20130228|000032.00|000135.04|||                                                                                                                                                                                                                                                                                                                                                                                                                                                        
175000634813|0580||T1019|||||20130301|000032.00|000135.04|||                                                                                                                                                                                                                                                                                                                                                                                                                                                        
175000634814|0580||T1019|||||20130223|000048.00|000202.56|||                                                                                                                                                                                                                                                                                                                                                                                                                                                        
175000634814|0580||T1019|||||20130224|000048.00|000202.56|||                                                                                                                                                                                                                                                                                                                                                                                                                                                        
175000634814|0580||T1019|||||20130225|000048.00|000202.56|||                                                                                                                                                                                                                                                                                                                                                                                                                                                        
175000634814|0580||T1019|||||20130226|000048.00|000202.56|||                                                                                                                                                                                                                                                                                                                                                                                                                                                        
175000634814|0580||T1019|||||20130227|000048.00|000202.56|||                                                                                                                                                                                                                                                                                                                                                                                                                                                        
175000634814|0580||T1019|||||20130228|000048.00|000202.56|||                                                                                                                                                                                                                                                                                                                                                                                                                                                        
175000634814|0580||T1019|||||20130301|000048.00|000202.56|||                                                                                                                                                                                                                                                                                                                                                                                                                                                        
175000634815|0572||G0156|||||20130223|000012.00|000171.00|||                                                                                                                                                                                                                                                                                                                                                                                                                                                        
175000634815|0572||G0156|||||20130224|000012.00|000171.00|||                                                                                                                                                                                                                                                                                                                                                                                                                                                        
175000634815|0572||G0156|||||20130225|000010.00|000142.50|||                                                                                                                                                                                                                                                                                                                                                                                                                                                        
175000634815|0572||G0156|||||20130226|000010.00|000142.50|||                                                                                                                                                                                                                                                                                                                                                                                                                                                        
175000634815|0572||G0156|||||20130227|000010.00|000142.50|||                                                                                                                                                                                                                                                                                                                                                                                                                                                        
175000634815|0572||G0156|||||20130228|000010.00|000142.50|||                                                                                                                                                                                                                                                                                                                                                                                                                                                        
175000634815|0572||G0156|||||20130301|000012.00|000171.00|||                                                                                                                                                                                                                                                                                                                                                                                                                                                        
175000634816|0580||T1019|||||20130226|000016.00|000067.52|||                                                                                                                                                                                                                                                                                                                                                                                                                                                        
175000634816|0580||T1019|||||20130227|000016.00|000067.52|||                                                                                                                                                                                                                                                                                                                                                                                                                                                        
175000634816|0580||T1019|||||20130228|000016.00|000067.52|||                                                                                                                                                                                                                                                                                                                                                                                                                                                        
175000634816|0580||T1019|||||20130301|000016.00|000067.52|||                                                                                                                                                                                                                                                                                                                                                                                                                                                        
175000634817|0580||T1019|||||20130223|000036.00|000151.92|||                                                                                                                                                                                                                                                                                                                                                                                                                                                        
175000634817|0580||T1019|||||20130224|000036.00|000151.92|||                                                                                                                                                                                                                                                                                                                                                                                                                                                        
175000634817|0580||T1019|||||20130225|000036.00|000151.92|||                                                                                                                                                                                                                                                                                                                                                                                                                                                        
175000634817|0580||T1019|||||20130226|000036.00|000151.92|||                                                                                                                                                                                                                                                                                                                                                                                                                                                        
175000634817|0580||T1019|||||20130227|000036.00|000151.92|||                                                                                                                                                                                                                                                                                                                                                                                                                                                        
175000634817|0580||T1019|||||20130228|000036.00|000151.92|||                                                                                                                                                                                                                                                                                                                                                                                                                                                        
175000634817|0580||T1019|||||20130301|000036.00|000151.92|||                                                                                                                                                                                                                                                                                                                                                                                                                                                        
175000634818|0580||T1019|||||20130223|000028.00|000118.16|||                                                                                                                                                                                                                                                                                                                                                                                                                                                        
175000634818|0580||T1019|||||20130224|000028.00|000118.16|||                                                                                                                                                                                                                                                                                                                                                                                                                                                        
175000634818|0580||T1019|||||20130225|000028.00|000118.16|||                                                                                                                                                                                                                                                                                                                                                                                                                                                        
175000634818|0580||T1019|||||20130226|000028.00|000118.16|||                                                                                                                                                                                                                                                                                                                                                                                                                                                        
175000634818|0580||T1019|||||20130227|000028.00|000118.16|||                                                                                                                                                                                                                                                                                                                                                                                                                                                        
175000634818|0580||T1019|||||20130228|000028.00|000118.16|||                                                                                                                                                                                                                                                                                                                                                                                                                                                        
175000634819|0580||T1019|||||20130223|000048.00|000202.56|||                                                                                                                                                                                                                                                                                                                                                                                                                                                        
175000634819|0580||T1019|||||20130224|000048.00|000202.56|||                                                                                                                                                                                                                                                                                                                                                                                                                                                        
175000634819|0580||T1019|||||20130225|000048.00|000202.56|||                                                                                                                                                                                                                                                                                                                                                                                                                                                        
175000634819|0580||T1019|||||20130226|000048.00|000202.56|||                                                                                                                                                                                                                                                                                                                                                                                                                                                        
175000634819|0580||T1019|||||20130227|000048.00|000202.56|||                                                                                                                                                                                                                                                                                                                                                                                                                                                        
175000634819|0580||T1019|||||20130228|000048.00|000202.56|||                                                                                                                                                                                                                                                                                                                                                                                                                                                        
175000634819|0580||T1019|||||20130301|000048.00|000202.56|||                                                                                                                                                                                                                                                                                                                                                                                                                                                        
175000634820|0580||T1019|||||20130226|000016.00|000067.52|||                                                                                                                                                                                                                                                                                                                                                                                                                                                        
175000634820|0580||T1019|||||20130228|000016.00|000067.52|||                                                                                                                                                                                                                                                                                                                                                                                                                                                        
175000634820|0580||T1019|||||20130301|000016.00|000067.52|||                                                                                                                                                                                                                                                                                                                                                                                                                                                        
175000634821|0580||T1019|||||20130223|000048.00|000202.56|||                                                                                                                                                                                                                                                                                                                                                                                                                                                        
175000634821|0580||T1019|||||20130224|000048.00|000202.56|||                                                                                                                                                                                                                                                                                                                                                                                                                                                        
175000634821|0580||T1019|||||20130225|000048.00|000202.56|||                                                                                                                                                                                                                                                                                                                                                                                                                                                        
175000634821|0580||T1019|||||20130227|000048.00|000202.56|||                                                                                                                                                                                                                                                                                                                                                                                                                                                        
175000634821|0580||T1019|||||20130228|000044.00|000185.68|||                                                                                                                                                                                                                                                                                                                                                                                                                                                        
175000634821|0580||T1019|||||20130301|000048.00|000202.56|||                                                                                                                                                                                                                                                                                                                                                                                                                                                        
175000634822|0580||T1019|||||20130223|000032.00|000135.04|||                                                                                                                                                                                                                                                                                                                                                                                                                                                        
175000634822|0580||T1019|||||20130224|000032.00|000135.04|||                                                                                                                                                                                                                                                                                                                                                                                                                                                        
175000634822|0580||T1019|||||20130225|000032.00|000135.04|||                                                                                                                                                                                                                                                                                                                                                                                                                                                        
175000634822|0580||T1019|||||20130226|000032.00|000135.04|||                                                                                                                                                                                                                                                                                                                                                                                                                                                        
175000634822|0580||T1019|||||20130227|000032.00|000135.04|||                                                                                                                                                                                                                                                                                                                                                                                                                                                        
175000634822|0580||T1019|||||20130228|000032.00|000135.04|||                                                                                                                                                                                                                                                                                                                                                                                                                                                        
175000634822|0580||T1019|||||20130301|000032.00|000135.04|||                                                                                                                                                                                                                                                                                                                                                                                                                                                        
175000634823|0580||T1019|||||20130225|000020.00|000084.40|||                                                                                                                                                                                                                                                                                                                                                                                                                                                        
175000634823|0580||T1019|||||20130226|000020.00|000084.40|||                                                                                                                                                                                                                                                                                                                                                                                                                                                        
175000634823|0580||T1019|||||20130227|000020.00|000084.40|||                                                                                                                                                                                                                                                                                                                                                                                                                                                        
175000634823|0580||T1019|||||20130228|000020.00|000084.40|||                                                                                                                                                                                                                                                                                                                                                                                                                                                        
175000634823|0580||T1019|||||20130301|000020.00|000084.40|||                                                                                                                                                                                                                                                                                                                                                                                                                                                        
175000634824|0580||T1019|||||20130227|000040.00|000168.80|||                                                                                                                                                                                                                                                                                                                                                                                                                                                        
175000634824|0580||T1019|||||20130228|000040.00|000168.80|||                                                                                                                                                                                                                                                                                                                                                                                                                                                        
175000634825|0580||T1019|||||20130225|000040.00|000168.80|||                                                                                                                                                                                                                                                                                                                                                                                                                                                        
175000634825|0580||T1019|||||20130226|000040.00|000168.80|||                                                                                                                                                                                                                                                                                                                                                                                                                                                        
175000634825|0580||T1019|||||20130227|000040.00|000168.80|||                                                                                                                                                                                                                                                                                                                                                                                                                                                        
175000634825|0580||T1019|||||20130228|000040.00|000168.80|||                                                                                                                                                                                                                                                                                                                                                                                                                                                        
175000634826|0580||T1019|||||20130223|000020.00|000084.40|||                                                                                                                                                                                                                                                                                                                                                                                                                                                        
175000634826|0580||T1019|||||20130224|000020.00|000084.40|||                                                                                                                                                                                                                                                                                                                                                                                                                                                        
175000634826|0580||T1019|||||20130225|000020.00|000084.40|||                                                                                                                                                                                                                                                                                                                                                                                                                                                        
175000634826|0580||T1019|||||20130226|000020.00|000084.40|||                                                                                                                                                                                                                                                                                                                                                                                                                                                        
175000634826|0580||T1019|||||20130227|000020.00|000084.40|||                                                                                                                                                                                                                                                                                                                                                                                                                                                        
175000634826|0580||T1019|||||20130228|000020.00|000084.40|||                                                                                                                                                                                                                                                                                                                                                                                                                                                        
175000634826|0580||T1019|||||20130301|000020.00|000084.40|||                                                                                                                                                                                                                                                                                                                                                                                                                                                        
175000634827|0580||T1019|||||20130301|000020.00|000084.40|||                                                                                                                                                                                                                                                                                                                                                                                                                                                        
175000634828|0580||T1019|||||20130225|000016.00|000067.52|||                                                                                                                                                                                                                                                                                                                                                                                                                                                        
175000634828|0580||T1019|||||20130226|000016.00|000067.52|||                                                                                                                                                                                                                                                                                                                                                                                                                                                        
175000634828|0580||T1019|||||20130227|000016.00|000067.52|||                                                                                                                                                                                                                                                                                                                                                                                                                                                        
175000634828|0580||T1019|||||20130228|000016.00|000067.52|||                                                                                                                                                                                                                                                                                                                                                                                                                                                        
175000634883|0580||T1019|||||20130223|000020.00|000084.40|||                                                                                                                                                                                                                                                                                                                                                                                                                                                        
175000634883|0580||T1019|||||20130225|000020.00|000084.40|||                                                                                                                                                                                                                                                                                                                                                                                                                                                        
175000634883|0580||T1019|||||20130227|000020.00|000084.40|||                                                                                                                                                                                                                                                                                                                                                                                                                                                        
175000634884|0580||T1019|||||20130301|000020.00|000084.40|||                                                                                                                                                                                                                                                                                                                                                                                                                                                        
175000634885|0580||T1019|||||20130223|000040.00|000168.80|||                                                                                                                                                                                                                                                                                                                                                                                                                                                        
175000634885|0580||T1019|||||20130224|000040.00|000168.80|||                                                                                                                                                                                                                                                                                                                                                                                                                                                        
175000634885|0580||T1019|||||20130225|000040.00|000168.80|||                                                                                                                                                                                                                                                                                                                                                                                                                                                        
175000634885|0580||T1019|||||20130226|000040.00|000168.80|||                                                                                                                                                                                                                                                                                                                                                                                                                                                        
175000634885|0580||T1019|||||20130227|000040.00|000168.80|||                                                                                                                                                                                                                                                                                                                                                                                                                                                        
175000634885|0580||T1019|||||20130228|000040.00|000168.80|||                                                                                                                                                                                                                                                                                                                                                                                                                                                        
175000634886|0580||T1019|||||20130301|000032.00|000135.04|||                                                                                                                                                                                                                                                                                                                                                                                                                                                        
175000634887|0580||T1019|||||20130225|000016.00|000067.52|||                                                                                                                                                                                                                                                                                                                                                                                                                                                        
175000634887|0580||T1019|||||20130226|000016.00|000067.52|||                                                                                                                                                                                                                                                                                                                                                                                                                                                        
175000634887|0580||T1019|||||20130227|000016.00|000067.52|||                                                                                                                                                                                                                                                                                                                                                                                                                                                        
175000634887|0580||T1019|||||20130228|000016.00|000067.52|||                                                                                                                                                                                                                                                                                                                                                                                                                                                        
175000634887|0580||T1019|||||20130301|000016.00|000067.52|||                                                                                                                                                                                                                                                                                                                                                                                                                                                        
175000634888|0582||S5130|||||20130301|000016.00|000067.52|||                                                                                                                                                                                                                                                                                                                                                                                                                                                        
175000634889|0580||T1019|||||20130225|000016.00|000060.00|||                                                                                                                                                                                                                                                                                                                                                                                                                                                        
175000634889|0580||T1019|||||20130226|000020.00|000075.00|||                                                                                                                                                                                                                                                                                                                                                                                                                                                        
175000634889|0580||T1019|||||20130227|000020.00|000075.00|||                                                                                                                                                                                                                                                                                                                                                                                                                                                        
175000634889|0580||T1019|||||20130228|000020.00|000075.00|||                                                                                                                                                                                                                                                                                                                                                                                                                                                        
175000634890|0580||T1019|||||20130223|000024.00|000090.00|||                                                                                                                                                                                                                                                                                                                                                                                                                                                        
175000634890|0580||T1019|||||20130225|000024.00|000090.00|||                                                                                                                                                                                                                                                                                                                                                                                                                                                        
175000634890|0580||T1019|||||20130226|000024.00|000090.00|||                                                                                                                                                                                                                                                                                                                                                                                                                                                        
175000634890|0580||T1019|||||20130227|000024.00|000090.00|||                                                                                                                                                                                                                                                                                                                                                                                                                                                        
175000634890|0580||T1019|||||20130228|000024.00|000090.00|||                                                                                                                                                                                                                                                                                                                                                                                                                                                        
175000634890|0580||T1019|||||20130301|000024.00|000090.00|||                                                                                                                                                                                                                                                                                                                                                                                                                                                        
175000634891|0580||T1019|||||20130225|000032.00|000120.00|||                                                                                                                                                                                                                                                                                                                                                                                                                                                        
175000634891|0580||T1019|||||20130227|000032.00|000120.00|||                                                                                                                                                                                                                                                                                                                                                                                                                                                        
175000634891|0580||T1019|||||20130228|000036.00|000135.00|||                                                                                                                                                                                                                                                                                                                                                                                                                                                        
175000634891|0580||T1019|||||20130301|000032.00|000120.00|||                                                                                                                                                                                                                                                                                                                                                                                                                                                        
175000634892|0580||T1019|||||20130225|000016.00|000060.00|||                                                                                                                                                                                                                                                                                                                                                                                                                                                        
175000634892|0580||T1019|||||20130226|000016.00|000060.00|||                                                                                                                                                                                                                                                                                                                                                                                                                                                        
175000634892|0580||T1019|||||20130227|000016.00|000060.00|||                                                                                                                                                                                                                                                                                                                                                                                                                                                        
175000634892|0580||T1019|||||20130228|000016.00|000060.00|||                                                                                                                                                                                                                                                                                                                                                                                                                                                        
175000634892|0580||T1019|||||20130301|000016.00|000060.00|||                                                                                                                                                                                                                                                                                                                                                                                                                                                        
175000634893|0580||T1019|||||20130218|000020.00|000075.00|||                                                                                                                                                                                                                                                                                                                                                                                                                                                        
175000634893|0580||T1019|||||20130219|000020.00|000075.00|||                                                                                                                                                                                                                                                                                                                                                                                                                                                        
175000634893|0580||T1019|||||20130220|000020.00|000075.00|||                                                                                                                                                                                                                                                                                                                                                                                                                                                        
175000634893|0580||T1019|||||20130221|000020.00|000075.00|||                                                                                                                                                                                                                                                                                                                                                                                                                                                        
175000634893|0580||T1019|||||20130222|000020.00|000075.00|||                                                                                                                                                                                                                                                                                                                                                                                                                                                        
175000634893|0580||T1019|||||20130225|000020.00|000075.00|||                                                                                                                                                                                                                                                                                                                                                                                                                                                        
175000634893|0580||T1019|||||20130226|000020.00|000075.00|||                                                                                                                                                                                                                                                                                                                                                                                                                                                        
175000634893|0580||T1019|||||20130227|000020.00|000075.00|||                                                                                                                                                                                                                                                                                                                                                                                                                                                        
175000634893|0580||T1019|||||20130228|000020.00|000075.00|||                                                                                                                                                                                                                                                                                                                                                                                                                                                        
175000634893|0580||T1019|||||20130301|000020.00|000075.00|||                                                                                                                                                                                                                                                                                                                                                                                                                                                        
175000634894|0580||T1019|||||20130223|000036.00|000151.92|||                                                                                                                                                                                                                                                                                                                                                                                                                                                        
175000634894|0580||T1019|||||20130224|000036.00|000151.92|||                                                                                                                                                                                                                                                                                                                                                                                                                                                        
175000634894|0580||T1019|||||20130225|000036.00|000151.92|||                                                                                                                                                                                                                                                                                                                                                                                                                                                        
175000634894|0580||T1019|||||20130226|000036.00|000151.92|||                                                                                                                                                                                                                                                                                                                                                                                                                                                        
175000634894|0580||T1019|||||20130227|000036.00|000151.92|||                                                                                                                                                                                                                                                                                                                                                                                                                                                        
175000634894|0580||T1019|||||20130228|000036.00|000151.92|||                                                                                                                                                                                                                                                                                                                                                                                                                                                        
175000634894|0580||T1019|||||20130301|000036.00|000151.92|||                                                                                                                                                                                                                                                                                                                                                                                                                                                        
175000634895|0580||T1019|||||20130225|000016.00|000067.52|||                                                                                                                                                                                                                                                                                                                                                                                                                                                        
175000634895|0580||T1019|||||20130226|000016.00|000067.52|||                                                                                                                                                                                                                                                                                                                                                                                                                                                        
175000634895|0580||T1019|||||20130228|000016.00|000067.52|||                                                                                                                                                                                                                                                                                                                                                                                                                                                        
175000634895|0580||T1019|||||20130301|000016.00|000067.52|||                                                                                                                                                                                                                                                                                                                                                                                                                                                        
175000634896|0580||T1019|||||20130226|000016.00|000067.52|||                                                                                                                                                                                                                                                                                                                                                                                                                                                        
175000634896|0580||T1019|||||20130227|000012.00|000050.64|||                                                                                                                                                                                                                                                                                                                                                                                                                                                        
175000634896|0580||T1019|||||20130228|000016.00|000067.52|||                                                                                                                                                                                                                                                                                                                                                                                                                                                        
175000634896|0580||T1019|||||20130301|000016.00|000067.52|||                                                                                                                                                                                                                                                                                                                                                                                                                                                        
175000634897|0570||T1019|1C||||20130225|000006.00|000095.40|||                                                                                                                                                                                                                                                                                                                                                                                                                                                      
175000634897|0570||T1019|1C||||20130226|000006.00|000095.40|||                                                                                                                                                                                                                                                                                                                                                                                                                                                      
175000634897|0570||T1019|1C||||20130227|000006.00|000095.40|||                                                                                                                                                                                                                                                                                                                                                                                                                                                      
175000634897|0570||T1019|1C||||20130228|000006.00|000095.40|||                                                                                                                                                                                                                                                                                                                                                                                                                                                      
175000634897|0570||T1019|1C||||20130301|000006.00|000098.40|||                                                                                                                                                                                                                                                                                                                                                                                                                                                      
175000634898|0570||T1019|1C||||20130210|000012.00|000190.80|||                                                                                                                                                                                                                                                                                                                                                                                                                                                      
175000634899|0570||T1019|1C||||20130214|000004.00|000063.60|||                                                                                                                                                                                                                                                                                                                                                                                                                                                      
175000634899|0570||T1019|1C||||20130223|000004.00|000063.60|||                                                                                                                                                                                                                                                                                                                                                                                                                                                      
175000634899|0570||T1019|1C||||20130224|000004.00|000063.60|||                                                                                                                                                                                                                                                                                                                                                                                                                                                      
175000634899|0570||T1019|1C||||20130225|000004.00|000063.60|||                                                                                                                                                                                                                                                                                                                                                                                                                                                      
175000634899|0570||T1019|1C||||20130226|000004.00|000063.60|||                                                                                                                                                                                                                                                                                                                                                                                                                                                      
175000634899|0570||T1019|1C||||20130227|000004.00|000063.60|||                                                                                                                                                                                                                                                                                                                                                                                                                                                      
175000634899|0570||T1019|1C||||20130228|000004.00|000063.60|||                                                                                                                                                                                                                                                                                                                                                                                                                                                      
175000634899|0570||T1019|1C||||20130301|000004.00|000065.60|||                                                                                                                                                                                                                                                                                                                                                                                                                                                      
175000634900|0570||T1019|1C||||20130225|000004.00|000063.60|||                                                                                                                                                                                                                                                                                                                                                                                                                                                      
175000634900|0570||T1019|1C||||20130226|000004.00|000063.60|||                                                                                                                                                                                                                                                                                                                                                                                                                                                      
175000634900|0570||T1019|1C||||20130227|000004.00|000063.60|||                                                                                                                                                                                                                                                                                                                                                                                                                                                      
175000634900|0570||T1019|1C||||20130228|000004.00|000063.60|||                                                                                                                                                                                                                                                                                                                                                                                                                                                      
175000634900|0570||T1019|1C||||20130301|000004.00|000065.60|||                                                                                                                                                                                                                                                                                                                                                                                                                                                      
175000634901|0570||T1019|1C||||20130225|000004.00|000063.60|||                                                                                                                                                                                                                                                                                                                                                                                                                                                      
175000634901|0570||T1019|1C||||20130226|000004.00|000063.60|||                                                                                                                                                                                                                                                                                                                                                                                                                                                      
175000634901|0570||T1019|1C||||20130227|000004.00|000063.60|||                                                                                                                                                                                                                                                                                                                                                                                                                                                      
175000634901|0570||T1019|1C||||20130228|000004.00|000063.60|||                                                                                                                                                                                                                                                                                                                                                                                                                                                      
175000634901|0570||T1019|1C||||20130301|000004.00|000065.60|||                                                                                                                                                                                                                                                                                                                                                                                                                                                      
