175000823326|0580||T1019|||||20121210|000016.00|000067.52|||                                                                                                                                                                                                                                                                                                                                                                                                                                                        
175000823326|0580||T1019|||||20121211|000016.00|000067.52|||                                                                                                                                                                                                                                                                                                                                                                                                                                                        
175000823326|0580||T1019|||||20121212|000016.00|000067.52|||                                                                                                                                                                                                                                                                                                                                                                                                                                                        
175000823326|0580||T1019|||||20121213|000016.00|000067.52|||                                                                                                                                                                                                                                                                                                                                                                                                                                                        
175000823326|0580||T1019|||||20121214|000016.00|000067.52|||                                                                                                                                                                                                                                                                                                                                                                                                                                                        
175000823326|0580||T1019|||||20121224|000016.00|000067.52|||                                                                                                                                                                                                                                                                                                                                                                                                                                                        
175000823326|0580||T1019|||||20121225|000016.00|000067.52|||                                                                                                                                                                                                                                                                                                                                                                                                                                                        
175000823326|0580||T1019|||||20121226|000016.00|000067.52|||                                                                                                                                                                                                                                                                                                                                                                                                                                                        
175000823326|0580||T1019|||||20121227|000016.00|000067.52|||                                                                                                                                                                                                                                                                                                                                                                                                                                                        
175000823326|0580||T1019|||||20121228|000016.00|000067.52|||                                                                                                                                                                                                                                                                                                                                                                                                                                                        
175000823326|0580||T1019|||||20130107|000016.00|000067.52|||                                                                                                                                                                                                                                                                                                                                                                                                                                                        
175000823326|0580||T1019|||||20130108|000016.00|000067.52|||                                                                                                                                                                                                                                                                                                                                                                                                                                                        
175000823326|0580||T1019|||||20130109|000016.00|000067.52|||                                                                                                                                                                                                                                                                                                                                                                                                                                                        
175000823326|0580||T1019|||||20130111|000016.00|000067.52|||                                                                                                                                                                                                                                                                                                                                                                                                                                                        
175000823327|0580||T1019|||||20121217|000016.00|000060.00|||                                                                                                                                                                                                                                                                                                                                                                                                                                                        
175000823327|0580||T1019|||||20121218|000016.00|000060.00|||                                                                                                                                                                                                                                                                                                                                                                                                                                                        
175000823327|0580||T1019|||||20121219|000016.00|000060.00|||                                                                                                                                                                                                                                                                                                                                                                                                                                                        
175000823327|0580||T1019|||||20121220|000016.00|000060.00|||                                                                                                                                                                                                                                                                                                                                                                                                                                                        
175000823327|0580||T1019|||||20121221|000016.00|000060.00|||                                                                                                                                                                                                                                                                                                                                                                                                                                                        
175000823327|0580||T1019|||||20130114|000016.00|000060.00|||                                                                                                                                                                                                                                                                                                                                                                                                                                                        
175000823327|0580||T1019|||||20130115|000016.00|000060.00|||                                                                                                                                                                                                                                                                                                                                                                                                                                                        
175000823327|0580||T1019|||||20130116|000016.00|000060.00|||                                                                                                                                                                                                                                                                                                                                                                                                                                                        
175000823327|0580||T1019|||||20130117|000016.00|000060.00|||                                                                                                                                                                                                                                                                                                                                                                                                                                                        
175000823327|0580||T1019|||||20130118|000016.00|000060.00|||                                                                                                                                                                                                                                                                                                                                                                                                                                                        
175000823327|0580||T1019|||||20130121|000016.00|000060.00|||                                                                                                                                                                                                                                                                                                                                                                                                                                                        
175000823327|0580||T1019|||||20130122|000016.00|000060.00|||                                                                                                                                                                                                                                                                                                                                                                                                                                                        
175000823327|0580||T1019|||||20130123|000016.00|000060.00|||                                                                                                                                                                                                                                                                                                                                                                                                                                                        
175000823327|0580||T1019|||||20130124|000016.00|000060.00|||                                                                                                                                                                                                                                                                                                                                                                                                                                                        
175000823327|0580||T1019|||||20130125|000016.00|000060.00|||                                                                                                                                                                                                                                                                                                                                                                                                                                                        
175000823327|0580||T1019|||||20130128|000016.00|000060.00|||                                                                                                                                                                                                                                                                                                                                                                                                                                                        
175000823327|0580||T1019|||||20130129|000016.00|000060.00|||                                                                                                                                                                                                                                                                                                                                                                                                                                                        
175000823327|0580||T1019|||||20130130|000016.00|000060.00|||                                                                                                                                                                                                                                                                                                                                                                                                                                                        
175000823327|0580||T1019|||||20130131|000016.00|000060.00|||                                                                                                                                                                                                                                                                                                                                                                                                                                                        
175000823327|0580||T1019|||||20130201|000016.00|000060.00|||                                                                                                                                                                                                                                                                                                                                                                                                                                                        
175000823327|0580||T1019|||||20130204|000016.00|000060.00|||                                                                                                                                                                                                                                                                                                                                                                                                                                                        
175000823327|0580||T1019|||||20130205|000016.00|000060.00|||                                                                                                                                                                                                                                                                                                                                                                                                                                                        
175000823327|0580||T1019|||||20130206|000016.00|000060.00|||                                                                                                                                                                                                                                                                                                                                                                                                                                                        
175000823327|0580||T1019|||||20130207|000016.00|000060.00|||                                                                                                                                                                                                                                                                                                                                                                                                                                                        
175000823327|0580||T1019|||||20130208|000016.00|000060.00|||                                                                                                                                                                                                                                                                                                                                                                                                                                                        
175000823327|0580||T1019|||||20130211|000016.00|000060.00|||                                                                                                                                                                                                                                                                                                                                                                                                                                                        
175000823327|0580||T1019|||||20130212|000016.00|000060.00|||                                                                                                                                                                                                                                                                                                                                                                                                                                                        
175000823327|0580||T1019|||||20130213|000016.00|000060.00|||                                                                                                                                                                                                                                                                                                                                                                                                                                                        
175000823327|0580||T1019|||||20130214|000016.00|000060.00|||                                                                                                                                                                                                                                                                                                                                                                                                                                                        
175000823327|0580||T1019|||||20130215|000016.00|000060.00|||                                                                                                                                                                                                                                                                                                                                                                                                                                                        
175000823327|0580||T1019|||||20130218|000016.00|000060.00|||                                                                                                                                                                                                                                                                                                                                                                                                                                                        
175000823327|0580||T1019|||||20130219|000016.00|000060.00|||                                                                                                                                                                                                                                                                                                                                                                                                                                                        
175000823327|0580||T1019|||||20130220|000016.00|000060.00|||                                                                                                                                                                                                                                                                                                                                                                                                                                                        
175000823327|0580||T1019|||||20130221|000016.00|000060.00|||                                                                                                                                                                                                                                                                                                                                                                                                                                                        
175000823327|0580||T1019|||||20130222|000016.00|000060.00|||                                                                                                                                                                                                                                                                                                                                                                                                                                                        
175000823328|0580||T1019|||||20130225|000016.00|000060.00|||                                                                                                                                                                                                                                                                                                                                                                                                                                                        
175000823328|0580||T1019|||||20130226|000016.00|000060.00|||                                                                                                                                                                                                                                                                                                                                                                                                                                                        
175000823328|0580||T1019|||||20130227|000016.00|000060.00|||                                                                                                                                                                                                                                                                                                                                                                                                                                                        
175000823328|0580||T1019|||||20130228|000016.00|000060.00|||                                                                                                                                                                                                                                                                                                                                                                                                                                                        
175000823328|0580||T1019|||||20130301|000016.00|000060.00|||                                                                                                                                                                                                                                                                                                                                                                                                                                                        
175000823329|0580||T1019|||||20130325|000016.00|000060.00|||                                                                                                                                                                                                                                                                                                                                                                                                                                                        
175000823329|0580||T1019|||||20130326|000016.00|000060.00|||                                                                                                                                                                                                                                                                                                                                                                                                                                                        
175000823329|0580||T1019|||||20130327|000016.00|000060.00|||                                                                                                                                                                                                                                                                                                                                                                                                                                                        
175000823329|0580||T1019|||||20130328|000016.00|000060.00|||                                                                                                                                                                                                                                                                                                                                                                                                                                                        
175000823329|0580||T1019|||||20130329|000016.00|000060.00|||                                                                                                                                                                                                                                                                                                                                                                                                                                                        
