175000832537|0580||T1019|||||20130318|000024.00|000101.28|||                                                                                                                                                                                                                                                                                                                                                                                                                                                        
175000832537|0580||T1019|||||20130319|000024.00|000101.28|||                                                                                                                                                                                                                                                                                                                                                                                                                                                        
175000832537|0580||T1019|||||20130320|000024.00|000101.28|||                                                                                                                                                                                                                                                                                                                                                                                                                                                        
175000832537|0580||T1019|||||20130321|000024.00|000101.28|||                                                                                                                                                                                                                                                                                                                                                                                                                                                        
175000832537|0580||T1019|||||20130322|000024.00|000101.28|||                                                                                                                                                                                                                                                                                                                                                                                                                                                        
175000832538|0580||T1019|||||20130415|000024.00|000101.28|||                                                                                                                                                                                                                                                                                                                                                                                                                                                        
175000832538|0580||T1019|||||20130416|000024.00|000101.28|||                                                                                                                                                                                                                                                                                                                                                                                                                                                        
175000832538|0580||T1019|||||20130417|000024.00|000101.28|||                                                                                                                                                                                                                                                                                                                                                                                                                                                        
175000832538|0580||T1019|||||20130418|000024.00|000101.28|||                                                                                                                                                                                                                                                                                                                                                                                                                                                        
175000832538|0580||T1019|||||20130419|000024.00|000101.28|||                                                                                                                                                                                                                                                                                                                                                                                                                                                        
175000832539|0580||T1019|||||20130429|000024.00|000101.28|||                                                                                                                                                                                                                                                                                                                                                                                                                                                        
175000832539|0580||T1019|||||20130430|000024.00|000101.28|||                                                                                                                                                                                                                                                                                                                                                                                                                                                        
175000832539|0580||T1019|||||20130501|000024.00|000101.28|||                                                                                                                                                                                                                                                                                                                                                                                                                                                        
175000832539|0580||T1019|||||20130502|000024.00|000101.28|||                                                                                                                                                                                                                                                                                                                                                                                                                                                        
175000832539|0580||T1019|||||20130503|000024.00|000101.28|||                                                                                                                                                                                                                                                                                                                                                                                                                                                        
175000832540|0580||T1019|||||20130316|000024.00|000101.28|||                                                                                                                                                                                                                                                                                                                                                                                                                                                        
175000832540|0580||T1019|||||20130317|000024.00|000101.28|||                                                                                                                                                                                                                                                                                                                                                                                                                                                        
175000832540|0580||T1019|||||20130318|000024.00|000101.28|||                                                                                                                                                                                                                                                                                                                                                                                                                                                        
175000832540|0580||T1019|||||20130319|000024.00|000101.28|||                                                                                                                                                                                                                                                                                                                                                                                                                                                        
175000832540|0580||T1019|||||20130321|000024.00|000101.28|||                                                                                                                                                                                                                                                                                                                                                                                                                                                        
175000832540|0580||T1019|||||20130322|000016.00|000067.52|||                                                                                                                                                                                                                                                                                                                                                                                                                                                        
175000832541|0580||T1019|||||20130413|000024.00|000101.28|||                                                                                                                                                                                                                                                                                                                                                                                                                                                        
175000832541|0580||T1019|||||20130414|000024.00|000101.28|||                                                                                                                                                                                                                                                                                                                                                                                                                                                        
175000832541|0580||T1019|||||20130415|000024.00|000101.28|||                                                                                                                                                                                                                                                                                                                                                                                                                                                        
175000832541|0580||T1019|||||20130416|000024.00|000101.28|||                                                                                                                                                                                                                                                                                                                                                                                                                                                        
175000832541|0580||T1019|||||20130417|000024.00|000101.28|||                                                                                                                                                                                                                                                                                                                                                                                                                                                        
175000832541|0580||T1019|||||20130418|000024.00|000101.28|||                                                                                                                                                                                                                                                                                                                                                                                                                                                        
175000832541|0580||T1019|||||20130419|000024.00|000101.28|||                                                                                                                                                                                                                                                                                                                                                                                                                                                        
175000832542|0580||T1019|||||20130427|000024.00|000101.28|||                                                                                                                                                                                                                                                                                                                                                                                                                                                        
175000832542|0580||T1019|||||20130430|000024.00|000101.28|||                                                                                                                                                                                                                                                                                                                                                                                                                                                        
175000832542|0580||T1019|||||20130501|000024.00|000101.28|||                                                                                                                                                                                                                                                                                                                                                                                                                                                        
175000832542|0580||T1019|||||20130502|000024.00|000101.28|||                                                                                                                                                                                                                                                                                                                                                                                                                                                        
175000832542|0580||T1019|||||20130503|000024.00|000101.28|||                                                                                                                                                                                                                                                                                                                                                                                                                                                        
175000832543|0580||T1019|||||20130318|000040.00|000168.80|||                                                                                                                                                                                                                                                                                                                                                                                                                                                        
175000832544|0580||T1019|||||20130319|000040.00|000168.80|||                                                                                                                                                                                                                                                                                                                                                                                                                                                        
175000832545|0580||T1019|||||20130320|000040.00|000168.80|||                                                                                                                                                                                                                                                                                                                                                                                                                                                        
175000832545|0580||T1019|||||20130321|000040.00|000168.80|||                                                                                                                                                                                                                                                                                                                                                                                                                                                        
175000832546|0580||T1019|||||20130401|000040.00|000168.80|||                                                                                                                                                                                                                                                                                                                                                                                                                                                        
175000832547|0580||T1019|||||20130415|000040.00|000168.80|||                                                                                                                                                                                                                                                                                                                                                                                                                                                        
175000832548|0580||T1019|||||20130416|000040.00|000168.80|||                                                                                                                                                                                                                                                                                                                                                                                                                                                        
175000832548|0580||T1019|||||20130417|000040.00|000168.80|||                                                                                                                                                                                                                                                                                                                                                                                                                                                        
175000832549|0580||T1019|||||20130429|000040.00|000168.80|||                                                                                                                                                                                                                                                                                                                                                                                                                                                        
175000832549|0580||T1019|||||20130430|000040.00|000168.80|||                                                                                                                                                                                                                                                                                                                                                                                                                                                        
175000832549|0580||T1019|||||20130501|000040.00|000168.80|||                                                                                                                                                                                                                                                                                                                                                                                                                                                        
