175000832505|0580||T1019|||||20130402|000011.00|000185.68|||                                                                                                                                                                                                                                                                                                                                                                                                                                                        
175000832506|0580||T1019|||||20130403|000012.00|000202.56|||                                                                                                                                                                                                                                                                                                                                                                                                                                                        
175000832507|0580||T1019|||||20130404|000012.00|000202.56|||                                                                                                                                                                                                                                                                                                                                                                                                                                                        
175000832508|0580||T1019|||||20130405|000012.00|000202.56|||                                                                                                                                                                                                                                                                                                                                                                                                                                                        
175000832509|0580||T1019|||||20130406|000012.00|000202.56|||                                                                                                                                                                                                                                                                                                                                                                                                                                                        
175000832510|0580||T1019|||||20130407|000012.00|000202.56|||                                                                                                                                                                                                                                                                                                                                                                                                                                                        
175000832511|0580||T1019|||||20130409|000012.00|000202.56|||                                                                                                                                                                                                                                                                                                                                                                                                                                                        
175000832512|0580||T1019|||||20130410|000011.00|000185.68|||                                                                                                                                                                                                                                                                                                                                                                                                                                                        
175000832513|0580||T1019|||||20130411|000012.00|000202.56|||                                                                                                                                                                                                                                                                                                                                                                                                                                                        
175000832514|0580||T1019|||||20130412|000012.00|000202.56|||                                                                                                                                                                                                                                                                                                                                                                                                                                                        
175000832515|0580||T1019|||||20130413|000012.00|000202.56|||                                                                                                                                                                                                                                                                                                                                                                                                                                                        
175000832516|0580||T1019|||||20130415|000012.00|000202.56|||                                                                                                                                                                                                                                                                                                                                                                                                                                                        
175000832517|0580||T1019|||||20130416|000012.00|000202.56|||                                                                                                                                                                                                                                                                                                                                                                                                                                                        
175000832518|0580||T1019|||||20130418|000012.00|000202.56|||                                                                                                                                                                                                                                                                                                                                                                                                                                                        
175000832519|0580||T1019|||||20130419|000012.00|000202.56|||                                                                                                                                                                                                                                                                                                                                                                                                                                                        
175000832520|0580||T1019|||||20130420|000012.00|000202.56|||                                                                                                                                                                                                                                                                                                                                                                                                                                                        
175000832521|0580||T1019|||||20130421|000012.00|000202.56|||                                                                                                                                                                                                                                                                                                                                                                                                                                                        
175000832522|0580||T1019|||||20130422|000009.00|000151.92|||                                                                                                                                                                                                                                                                                                                                                                                                                                                        
175000832523|0580||T1019|||||20130423|000012.00|000202.56|||                                                                                                                                                                                                                                                                                                                                                                                                                                                        
175000832524|0580||T1019|||||20130424|000011.00|000185.68|||                                                                                                                                                                                                                                                                                                                                                                                                                                                        
175000832525|0580||T1019|||||20130425|000012.00|000202.56|||                                                                                                                                                                                                                                                                                                                                                                                                                                                        
175000832526|0580||T1019|||||20130426|000012.00|000202.56|||                                                                                                                                                                                                                                                                                                                                                                                                                                                        
175000832527|0580||T1019|||||20130427|000012.00|000202.56|||                                                                                                                                                                                                                                                                                                                                                                                                                                                        
175000832528|0580||T1019|||||20130428|000012.00|000202.56|||                                                                                                                                                                                                                                                                                                                                                                                                                                                        
175000832529|0580||T1019|||||20130429|000011.00|000185.68|||                                                                                                                                                                                                                                                                                                                                                                                                                                                        
175000832530|0580||T1019|||||20130430|000011.00|000185.68|||                                                                                                                                                                                                                                                                                                                                                                                                                                                        
175000832531|0580||T1019|||||20130501|000009.50|000160.36|||                                                                                                                                                                                                                                                                                                                                                                                                                                                        
175000832532|0580||T1019|||||20130502|000012.00|000202.56|||                                                                                                                                                                                                                                                                                                                                                                                                                                                        
175000832533|0580||T1019|||||20130503|000012.00|000202.56|||                                                                                                                                                                                                                                                                                                                                                                                                                                                        
