175000723090|0580||T1019|||||20130401|000024.00|000101.28|||                                                                                                                                                                                                                                                                                                                                                                                                                                                        
175000723090|0580||T1019|||||20130402|000024.00|000101.28|||                                                                                                                                                                                                                                                                                                                                                                                                                                                        
175000723090|0580||T1019|||||20130403|000024.00|000101.28|||                                                                                                                                                                                                                                                                                                                                                                                                                                                        
175000723090|0580||T1019|||||20130404|000024.00|000101.28|||                                                                                                                                                                                                                                                                                                                                                                                                                                                        
175000723090|0580||T1019|||||20130405|000024.00|000101.28|||                                                                                                                                                                                                                                                                                                                                                                                                                                                        
175000723091|0580||T1019|||||20130330|000048.00|000202.56|||                                                                                                                                                                                                                                                                                                                                                                                                                                                        
175000723091|0580||T1019|||||20130331|000048.00|000202.56|||                                                                                                                                                                                                                                                                                                                                                                                                                                                        
175000723091|0580||T1019|||||20130401|000048.00|000202.56|||                                                                                                                                                                                                                                                                                                                                                                                                                                                        
175000723091|0580||T1019|||||20130402|000048.00|000202.56|||                                                                                                                                                                                                                                                                                                                                                                                                                                                        
175000723091|0580||T1019|||||20130403|000048.00|000202.56|||                                                                                                                                                                                                                                                                                                                                                                                                                                                        
175000723091|0580||T1019|||||20130404|000048.00|000202.56|||                                                                                                                                                                                                                                                                                                                                                                                                                                                        
175000723091|0580||T1019|||||20130405|000048.00|000202.56|||                                                                                                                                                                                                                                                                                                                                                                                                                                                        
175000723092|0572||G0156|||||20130330|000008.00|000114.00|||                                                                                                                                                                                                                                                                                                                                                                                                                                                        
175000723092|0572||G0156|||||20130331|000008.00|000114.00|||                                                                                                                                                                                                                                                                                                                                                                                                                                                        
175000723092|0572||G0156|||||20130401|000008.00|000114.00|||                                                                                                                                                                                                                                                                                                                                                                                                                                                        
175000723092|0572||G0156|||||20130402|000008.00|000114.00|||                                                                                                                                                                                                                                                                                                                                                                                                                                                        
175000723092|0572||G0156|||||20130403|000008.00|000114.00|||                                                                                                                                                                                                                                                                                                                                                                                                                                                        
175000723092|0572||G0156|||||20130404|000008.00|000114.00|||                                                                                                                                                                                                                                                                                                                                                                                                                                                        
175000723092|0572||G0156|||||20130405|000008.00|000114.00|||                                                                                                                                                                                                                                                                                                                                                                                                                                                        
175000723093|0572||G0156|||||20130330|000012.00|000171.00|||                                                                                                                                                                                                                                                                                                                                                                                                                                                        
175000723093|0572||G0156|||||20130331|000012.00|000171.00|||                                                                                                                                                                                                                                                                                                                                                                                                                                                        
175000723093|0572||G0156|||||20130402|000011.00|000156.75|||                                                                                                                                                                                                                                                                                                                                                                                                                                                        
175000723093|0572||G0156|||||20130403|000012.00|000171.00|||                                                                                                                                                                                                                                                                                                                                                                                                                                                        
175000723093|0572||G0156|||||20130404|000012.00|000171.00|||                                                                                                                                                                                                                                                                                                                                                                                                                                                        
175000723093|0572||G0156|||||20130405|000012.00|000171.00|||                                                                                                                                                                                                                                                                                                                                                                                                                                                        
175000723094|0580||T1019|||||20130401|000016.00|000067.52|||                                                                                                                                                                                                                                                                                                                                                                                                                                                        
175000723094|0580||T1019|||||20130402|000016.00|000067.52|||                                                                                                                                                                                                                                                                                                                                                                                                                                                        
175000723094|0580||T1019|||||20130404|000016.00|000067.52|||                                                                                                                                                                                                                                                                                                                                                                                                                                                        
175000723094|0580||T1019|||||20130405|000016.00|000067.52|||                                                                                                                                                                                                                                                                                                                                                                                                                                                        
175000723095|0580||T1019|||||20130330|000034.00|000143.48|||                                                                                                                                                                                                                                                                                                                                                                                                                                                        
175000723095|0580||T1019|||||20130401|000036.00|000151.92|||                                                                                                                                                                                                                                                                                                                                                                                                                                                        
175000723095|0580||T1019|||||20130402|000036.00|000151.92|||                                                                                                                                                                                                                                                                                                                                                                                                                                                        
175000723095|0580||T1019|||||20130403|000036.00|000151.92|||                                                                                                                                                                                                                                                                                                                                                                                                                                                        
175000723095|0580||T1019|||||20130404|000036.00|000151.92|||                                                                                                                                                                                                                                                                                                                                                                                                                                                        
175000723095|0580||T1019|||||20130405|000036.00|000151.92|||                                                                                                                                                                                                                                                                                                                                                                                                                                                        
175000723096|0580||T1019|||||20130330|000028.00|000118.16|||                                                                                                                                                                                                                                                                                                                                                                                                                                                        
175000723096|0580||T1019|||||20130331|000028.00|000118.16|||                                                                                                                                                                                                                                                                                                                                                                                                                                                        
175000723096|0580||T1019|||||20130401|000028.00|000118.16|||                                                                                                                                                                                                                                                                                                                                                                                                                                                        
175000723096|0580||T1019|||||20130402|000028.00|000118.16|||                                                                                                                                                                                                                                                                                                                                                                                                                                                        
175000723096|0580||T1019|||||20130403|000028.00|000118.16|||                                                                                                                                                                                                                                                                                                                                                                                                                                                        
175000723096|0580||T1019|||||20130404|000028.00|000118.16|||                                                                                                                                                                                                                                                                                                                                                                                                                                                        
175000723096|0580||T1019|||||20130405|000028.00|000118.16|||                                                                                                                                                                                                                                                                                                                                                                                                                                                        
175000723097|0580||T1019|||||20130330|000048.00|000202.56|||                                                                                                                                                                                                                                                                                                                                                                                                                                                        
175000723097|0580||T1019|||||20130331|000048.00|000202.56|||                                                                                                                                                                                                                                                                                                                                                                                                                                                        
175000723097|0580||T1019|||||20130401|000048.00|000202.56|||                                                                                                                                                                                                                                                                                                                                                                                                                                                        
175000723097|0580||T1019|||||20130402|000048.00|000202.56|||                                                                                                                                                                                                                                                                                                                                                                                                                                                        
175000723097|0580||T1019|||||20130403|000048.00|000202.56|||                                                                                                                                                                                                                                                                                                                                                                                                                                                        
175000723097|0580||T1019|||||20130404|000048.00|000202.56|||                                                                                                                                                                                                                                                                                                                                                                                                                                                        
175000723097|0580||T1019|||||20130405|000048.00|000202.56|||                                                                                                                                                                                                                                                                                                                                                                                                                                                        
175000723098|0580||T1019|||||20130330|000024.00|000101.28|||                                                                                                                                                                                                                                                                                                                                                                                                                                                        
175000723098|0580||T1019|||||20130331|000024.00|000101.28|||                                                                                                                                                                                                                                                                                                                                                                                                                                                        
175000723098|0580||T1019|||||20130401|000024.00|000101.28|||                                                                                                                                                                                                                                                                                                                                                                                                                                                        
175000723098|0580||T1019|||||20130402|000024.00|000101.28|||                                                                                                                                                                                                                                                                                                                                                                                                                                                        
175000723098|0580||T1019|||||20130403|000024.00|000101.28|||                                                                                                                                                                                                                                                                                                                                                                                                                                                        
175000723098|0580||T1019|||||20130404|000024.00|000101.28|||                                                                                                                                                                                                                                                                                                                                                                                                                                                        
175000723098|0580||T1019|||||20130405|000024.00|000101.28|||                                                                                                                                                                                                                                                                                                                                                                                                                                                        
175000723099|0580||T1019|||||20130402|000016.00|000067.52|||                                                                                                                                                                                                                                                                                                                                                                                                                                                        
175000723099|0580||T1019|||||20130404|000016.00|000067.52|||                                                                                                                                                                                                                                                                                                                                                                                                                                                        
175000723099|0580||T1019|||||20130405|000016.00|000067.52|||                                                                                                                                                                                                                                                                                                                                                                                                                                                        
175000723100|0580||T1019|||||20130330|000048.00|000202.56|||                                                                                                                                                                                                                                                                                                                                                                                                                                                        
175000723100|0580||T1019|||||20130331|000048.00|000202.56|||                                                                                                                                                                                                                                                                                                                                                                                                                                                        
175000723100|0580||T1019|||||20130401|000048.00|000202.56|||                                                                                                                                                                                                                                                                                                                                                                                                                                                        
175000723100|0580||T1019|||||20130402|000048.00|000202.56|||                                                                                                                                                                                                                                                                                                                                                                                                                                                        
175000723101|0580||T1019|||||20130330|000032.00|000135.04|||                                                                                                                                                                                                                                                                                                                                                                                                                                                        
175000723101|0580||T1019|||||20130331|000032.00|000135.04|||                                                                                                                                                                                                                                                                                                                                                                                                                                                        
175000723101|0580||T1019|||||20130402|000032.00|000135.04|||                                                                                                                                                                                                                                                                                                                                                                                                                                                        
175000723101|0580||T1019|||||20130403|000032.00|000135.04|||                                                                                                                                                                                                                                                                                                                                                                                                                                                        
175000723101|0580||T1019|||||20130404|000032.00|000135.04|||                                                                                                                                                                                                                                                                                                                                                                                                                                                        
175000723101|0580||T1019|||||20130405|000032.00|000135.04|||                                                                                                                                                                                                                                                                                                                                                                                                                                                        
175000723102|0580||T1019|||||20130401|000020.00|000084.40|||                                                                                                                                                                                                                                                                                                                                                                                                                                                        
175000723102|0580||T1019|||||20130402|000020.00|000084.40|||                                                                                                                                                                                                                                                                                                                                                                                                                                                        
175000723102|0580||T1019|||||20130403|000020.00|000084.40|||                                                                                                                                                                                                                                                                                                                                                                                                                                                        
175000723102|0580||T1019|||||20130404|000020.00|000084.40|||                                                                                                                                                                                                                                                                                                                                                                                                                                                        
175000723103|0580||T1019|||||20130401|000016.00|000067.52|||                                                                                                                                                                                                                                                                                                                                                                                                                                                        
175000723103|0580||T1019|||||20130402|000016.00|000067.52|||                                                                                                                                                                                                                                                                                                                                                                                                                                                        
175000723103|0580||T1019|||||20130403|000016.00|000067.52|||                                                                                                                                                                                                                                                                                                                                                                                                                                                        
175000723103|0580||T1019|||||20130404|000016.00|000067.52|||                                                                                                                                                                                                                                                                                                                                                                                                                                                        
175000723103|0580||T1019|||||20130405|000016.00|000067.52|||                                                                                                                                                                                                                                                                                                                                                                                                                                                        
175000723104|0580||T1019|||||20130403|000040.00|000168.80|||                                                                                                                                                                                                                                                                                                                                                                                                                                                        
175000723104|0580||T1019|||||20130404|000040.00|000168.80|||                                                                                                                                                                                                                                                                                                                                                                                                                                                        
175000723105|0580||T1019|||||20130307|000040.00|000168.80|||                                                                                                                                                                                                                                                                                                                                                                                                                                                        
175000723105|0580||T1019|||||20130313|000040.00|000168.80|||                                                                                                                                                                                                                                                                                                                                                                                                                                                        
175000723105|0580||T1019|||||20130326|000040.00|000168.80|||                                                                                                                                                                                                                                                                                                                                                                                                                                                        
175000723105|0580||T1019|||||20130402|000040.00|000168.80|||                                                                                                                                                                                                                                                                                                                                                                                                                                                        
175000723105|0580||T1019|||||20130403|000040.00|000168.80|||                                                                                                                                                                                                                                                                                                                                                                                                                                                        
175000723105|0580||T1019|||||20130404|000040.00|000168.80|||                                                                                                                                                                                                                                                                                                                                                                                                                                                        
175000723106|0580||T1019|||||20130330|000020.00|000084.40|||                                                                                                                                                                                                                                                                                                                                                                                                                                                        
175000723106|0580||T1019|||||20130331|000020.00|000084.40|||                                                                                                                                                                                                                                                                                                                                                                                                                                                        
175000723106|0580||T1019|||||20130401|000020.00|000084.40|||                                                                                                                                                                                                                                                                                                                                                                                                                                                        
175000723106|0580||T1019|||||20130402|000020.00|000084.40|||                                                                                                                                                                                                                                                                                                                                                                                                                                                        
175000723106|0580||T1019|||||20130403|000020.00|000084.40|||                                                                                                                                                                                                                                                                                                                                                                                                                                                        
175000723106|0580||T1019|||||20130404|000020.00|000084.40|||                                                                                                                                                                                                                                                                                                                                                                                                                                                        
175000723106|0580||T1019|||||20130405|000020.00|000084.40|||                                                                                                                                                                                                                                                                                                                                                                                                                                                        
175000723107|0580||T1019|||||20130405|000020.00|000084.40|||                                                                                                                                                                                                                                                                                                                                                                                                                                                        
175000723108|0580||T1019|||||20130401|000016.00|000067.52|||                                                                                                                                                                                                                                                                                                                                                                                                                                                        
175000723108|0580||T1019|||||20130402|000016.00|000067.52|||                                                                                                                                                                                                                                                                                                                                                                                                                                                        
175000723108|0580||T1019|||||20130403|000016.00|000067.52|||                                                                                                                                                                                                                                                                                                                                                                                                                                                        
175000723165|0580||T1019|||||20130330|000020.00|000084.40|||                                                                                                                                                                                                                                                                                                                                                                                                                                                        
175000723165|0580||T1019|||||20130403|000020.00|000084.40|||                                                                                                                                                                                                                                                                                                                                                                                                                                                        
175000723165|0580||T1019|||||20130405|000020.00|000084.40|||                                                                                                                                                                                                                                                                                                                                                                                                                                                        
175000723166|0580||T1019|||||20130330|000020.00|000084.40|||                                                                                                                                                                                                                                                                                                                                                                                                                                                        
175000723166|0580||T1019|||||20130331|000020.00|000084.40|||                                                                                                                                                                                                                                                                                                                                                                                                                                                        
175000723167|0580||T1019|||||20130401|000016.00|000067.52|||                                                                                                                                                                                                                                                                                                                                                                                                                                                        
175000723167|0580||T1019|||||20130402|000016.00|000067.52|||                                                                                                                                                                                                                                                                                                                                                                                                                                                        
175000723167|0580||T1019|||||20130403|000016.00|000067.52|||                                                                                                                                                                                                                                                                                                                                                                                                                                                        
175000723168|0582||S5130|||||20130404|000016.00|000067.52|||                                                                                                                                                                                                                                                                                                                                                                                                                                                        
175000723169|0580||T1019|||||20130330|000020.00|000084.40|||                                                                                                                                                                                                                                                                                                                                                                                                                                                        
175000723169|0580||T1019|||||20130331|000020.00|000084.40|||                                                                                                                                                                                                                                                                                                                                                                                                                                                        
175000723170|0580||T1019|||||20130330|000028.00|000118.16|||                                                                                                                                                                                                                                                                                                                                                                                                                                                        
175000723170|0580||T1019|||||20130331|000024.00|000101.28|||                                                                                                                                                                                                                                                                                                                                                                                                                                                        
175000723170|0580||T1019|||||20130401|000024.00|000101.28|||                                                                                                                                                                                                                                                                                                                                                                                                                                                        
175000723170|0580||T1019|||||20130402|000024.00|000101.28|||                                                                                                                                                                                                                                                                                                                                                                                                                                                        
175000723170|0580||T1019|||||20130403|000012.00|000050.64|||                                                                                                                                                                                                                                                                                                                                                                                                                                                        
175000723170|0580||T1019|||||20130404|000012.00|000050.64|||                                                                                                                                                                                                                                                                                                                                                                                                                                                        
175000723170|0580||T1019|||||20130405|000012.00|000050.64|||                                                                                                                                                                                                                                                                                                                                                                                                                                                        
175000723171|0580||T1019|||||20130401|000028.00|000105.00|||                                                                                                                                                                                                                                                                                                                                                                                                                                                        
175000723171|0580||T1019|||||20130402|000028.00|000105.00|||                                                                                                                                                                                                                                                                                                                                                                                                                                                        
175000723171|0580||T1019|||||20130403|000028.00|000105.00|||                                                                                                                                                                                                                                                                                                                                                                                                                                                        
175000723171|0580||T1019|||||20130404|000028.00|000105.00|||                                                                                                                                                                                                                                                                                                                                                                                                                                                        
175000723171|0580||T1019|||||20130405|000028.00|000105.00|||                                                                                                                                                                                                                                                                                                                                                                                                                                                        
175000723172|0580||T1019|||||20130404|000028.00|000105.00|||                                                                                                                                                                                                                                                                                                                                                                                                                                                        
175000723172|0580||T1019|||||20130405|000024.00|000090.00|||                                                                                                                                                                                                                                                                                                                                                                                                                                                        
175000723173|0580||T1019|||||20130401|000016.00|000060.00|||                                                                                                                                                                                                                                                                                                                                                                                                                                                        
175000723173|0580||T1019|||||20130402|000016.00|000060.00|||                                                                                                                                                                                                                                                                                                                                                                                                                                                        
175000723173|0580||T1019|||||20130403|000016.00|000060.00|||                                                                                                                                                                                                                                                                                                                                                                                                                                                        
175000723173|0580||T1019|||||20130404|000016.00|000060.00|||                                                                                                                                                                                                                                                                                                                                                                                                                                                        
175000723173|0580||T1019|||||20130405|000016.00|000060.00|||                                                                                                                                                                                                                                                                                                                                                                                                                                                        
175000723174|0580||T1019|||||20130401|000016.00|000060.00|||                                                                                                                                                                                                                                                                                                                                                                                                                                                        
175000723174|0580||T1019|||||20130402|000016.00|000060.00|||                                                                                                                                                                                                                                                                                                                                                                                                                                                        
175000723174|0580||T1019|||||20130403|000016.00|000060.00|||                                                                                                                                                                                                                                                                                                                                                                                                                                                        
175000723174|0580||T1019|||||20130404|000016.00|000060.00|||                                                                                                                                                                                                                                                                                                                                                                                                                                                        
175000723174|0580||T1019|||||20130405|000016.00|000060.00|||                                                                                                                                                                                                                                                                                                                                                                                                                                                        
175000723175|0580||T1019|||||20130330|000024.00|000090.00|||                                                                                                                                                                                                                                                                                                                                                                                                                                                        
175000723175|0580||T1019|||||20130401|000024.00|000090.00|||                                                                                                                                                                                                                                                                                                                                                                                                                                                        
175000723175|0580||T1019|||||20130402|000024.00|000090.00|||                                                                                                                                                                                                                                                                                                                                                                                                                                                        
175000723175|0580||T1019|||||20130403|000024.00|000090.00|||                                                                                                                                                                                                                                                                                                                                                                                                                                                        
175000723175|0580||T1019|||||20130404|000024.00|000090.00|||                                                                                                                                                                                                                                                                                                                                                                                                                                                        
175000723175|0580||T1019|||||20130405|000024.00|000090.00|||                                                                                                                                                                                                                                                                                                                                                                                                                                                        
175000723176|0580||T1019|||||20130401|000032.00|000120.00|||                                                                                                                                                                                                                                                                                                                                                                                                                                                        
175000723176|0580||T1019|||||20130402|000036.00|000135.00|||                                                                                                                                                                                                                                                                                                                                                                                                                                                        
175000723176|0580||T1019|||||20130403|000032.00|000120.00|||                                                                                                                                                                                                                                                                                                                                                                                                                                                        
175000723176|0580||T1019|||||20130404|000036.00|000135.00|||                                                                                                                                                                                                                                                                                                                                                                                                                                                        
175000723176|0580||T1019|||||20130405|000032.00|000120.00|||                                                                                                                                                                                                                                                                                                                                                                                                                                                        
175000723177|0580||T1019|||||20130404|000016.00|000060.00|||                                                                                                                                                                                                                                                                                                                                                                                                                                                        
175000723177|0580||T1019|||||20130405|000016.00|000060.00|||                                                                                                                                                                                                                                                                                                                                                                                                                                                        
175000723178|0580||T1019|||||20130401|000020.00|000075.00|||                                                                                                                                                                                                                                                                                                                                                                                                                                                        
175000723178|0580||T1019|||||20130402|000020.00|000075.00|||                                                                                                                                                                                                                                                                                                                                                                                                                                                        
175000723178|0580||T1019|||||20130403|000020.00|000075.00|||                                                                                                                                                                                                                                                                                                                                                                                                                                                        
175000723178|0580||T1019|||||20130404|000020.00|000075.00|||                                                                                                                                                                                                                                                                                                                                                                                                                                                        
175000723178|0580||T1019|||||20130405|000020.00|000075.00|||                                                                                                                                                                                                                                                                                                                                                                                                                                                        
175000723179|0580||T1019|||||20130330|000036.00|000151.92|||                                                                                                                                                                                                                                                                                                                                                                                                                                                        
175000723179|0580||T1019|||||20130331|000036.00|000151.92|||                                                                                                                                                                                                                                                                                                                                                                                                                                                        
175000723179|0580||T1019|||||20130401|000036.00|000151.92|||                                                                                                                                                                                                                                                                                                                                                                                                                                                        
175000723179|0580||T1019|||||20130402|000036.00|000151.92|||                                                                                                                                                                                                                                                                                                                                                                                                                                                        
175000723179|0580||T1019|||||20130403|000036.00|000151.92|||                                                                                                                                                                                                                                                                                                                                                                                                                                                        
175000723179|0580||T1019|||||20130404|000036.00|000151.92|||                                                                                                                                                                                                                                                                                                                                                                                                                                                        
175000723179|0580||T1019|||||20130405|000036.00|000151.92|||                                                                                                                                                                                                                                                                                                                                                                                                                                                        
175000723180|0580||T1019|||||20130330|000032.00|000135.04|||                                                                                                                                                                                                                                                                                                                                                                                                                                                        
175000723180|0580||T1019|||||20130331|000032.00|000135.04|||                                                                                                                                                                                                                                                                                                                                                                                                                                                        
175000723180|0580||T1019|||||20130401|000016.00|000067.52|||                                                                                                                                                                                                                                                                                                                                                                                                                                                        
175000723180|0580||T1019|||||20130402|000016.00|000067.52|||                                                                                                                                                                                                                                                                                                                                                                                                                                                        
175000723180|0580||T1019|||||20130403|000016.00|000067.52|||                                                                                                                                                                                                                                                                                                                                                                                                                                                        
175000723180|0580||T1019|||||20130404|000016.00|000067.52|||                                                                                                                                                                                                                                                                                                                                                                                                                                                        
175000723181|0580||T1019|||||20130402|000016.00|000067.52|||                                                                                                                                                                                                                                                                                                                                                                                                                                                        
175000723181|0580||T1019|||||20130403|000016.00|000067.52|||                                                                                                                                                                                                                                                                                                                                                                                                                                                        
175000723181|0580||T1019|||||20130404|000016.00|000067.52|||                                                                                                                                                                                                                                                                                                                                                                                                                                                        
175000723181|0580||T1019|||||20130405|000016.00|000067.52|||                                                                                                                                                                                                                                                                                                                                                                                                                                                        
175000723182|0580||T1019|||||20130402|000016.00|000067.52|||                                                                                                                                                                                                                                                                                                                                                                                                                                                        
175000723182|0580||T1019|||||20130403|000016.00|000067.52|||                                                                                                                                                                                                                                                                                                                                                                                                                                                        
175000723182|0580||T1019|||||20130404|000016.00|000067.52|||                                                                                                                                                                                                                                                                                                                                                                                                                                                        
175000723182|0580||T1019|||||20130405|000016.00|000067.52|||                                                                                                                                                                                                                                                                                                                                                                                                                                                        
175000723183|0570||T1019|1C||||20130401|000006.00|000098.40|||                                                                                                                                                                                                                                                                                                                                                                                                                                                      
175000723183|0570||T1019|1C||||20130402|000006.00|000098.40|||                                                                                                                                                                                                                                                                                                                                                                                                                                                      
175000723183|0570||T1019|1C||||20130403|000006.00|000098.40|||                                                                                                                                                                                                                                                                                                                                                                                                                                                      
175000723183|0570||T1019|1C||||20130404|000006.00|000098.40|||                                                                                                                                                                                                                                                                                                                                                                                                                                                      
175000723183|0570||T1019|1C||||20130405|000006.00|000098.40|||                                                                                                                                                                                                                                                                                                                                                                                                                                                      
175000723184|0570||T1019|1C||||20130330|000004.00|000065.60|||                                                                                                                                                                                                                                                                                                                                                                                                                                                      
175000723184|0570||T1019|1C||||20130331|000004.00|000065.60|||                                                                                                                                                                                                                                                                                                                                                                                                                                                      
175000723184|0570||T1019|1C||||20130401|000004.00|000065.60|||                                                                                                                                                                                                                                                                                                                                                                                                                                                      
175000723184|0570||T1019|1C||||20130402|000004.00|000065.60|||                                                                                                                                                                                                                                                                                                                                                                                                                                                      
175000723184|0570||T1019|1C||||20130403|000004.00|000065.60|||                                                                                                                                                                                                                                                                                                                                                                                                                                                      
175000723184|0570||T1019|1C||||20130404|000004.00|000065.60|||                                                                                                                                                                                                                                                                                                                                                                                                                                                      
175000723184|0570||T1019|1C||||20130405|000004.00|000065.60|||                                                                                                                                                                                                                                                                                                                                                                                                                                                      
175000723185|0570||T1019|1C||||20130401|000004.00|000065.60|||                                                                                                                                                                                                                                                                                                                                                                                                                                                      
175000723185|0570||T1019|1C||||20130402|000004.00|000065.60|||                                                                                                                                                                                                                                                                                                                                                                                                                                                      
175000723185|0570||T1019|1C||||20130403|000004.00|000065.60|||                                                                                                                                                                                                                                                                                                                                                                                                                                                      
175000723185|0570||T1019|1C||||20130404|000004.00|000065.60|||                                                                                                                                                                                                                                                                                                                                                                                                                                                      
175000723185|0570||T1019|1C||||20130405|000004.00|000065.60|||                                                                                                                                                                                                                                                                                                                                                                                                                                                      
175000723186|0570||T1019|1C||||20130401|000004.00|000065.60|||                                                                                                                                                                                                                                                                                                                                                                                                                                                      
175000723186|0570||T1019|1C||||20130402|000004.00|000065.60|||                                                                                                                                                                                                                                                                                                                                                                                                                                                      
175000723186|0570||T1019|1C||||20130403|000004.00|000065.60|||                                                                                                                                                                                                                                                                                                                                                                                                                                                      
175000723186|0570||T1019|1C||||20130404|000004.00|000065.60|||                                                                                                                                                                                                                                                                                                                                                                                                                                                      
175000723186|0570||T1019|1C||||20130405|000004.00|000065.60|||                                                                                                                                                                                                                                                                                                                                                                                                                                                      
175000723187|0570||T1019|1C||||20130403|000008.00|000131.20|||                                                                                                                                                                                                                                                                                                                                                                                                                                                      
175000723187|0570||T1019|1C||||20130404|000008.00|000131.20|||                                                                                                                                                                                                                                                                                                                                                                                                                                                      
175000723187|0570||T1019|1C||||20130405|000008.00|000131.20|||                                                                                                                                                                                                                                                                                                                                                                                                                                                      
