175000559317|0580||T1019|||||20130123|000020.00|000084.40|||                                                                                                                                                                                                                                                                                                                                                                                                                                                        
175000559317|0580||T1019|||||20130124|000004.00|000016.88|||                                                                                                                                                                                                                                                                                                                                                                                                                                                        
175000559318|0580||T1019|||||20130119|000048.00|000202.56|||                                                                                                                                                                                                                                                                                                                                                                                                                                                        
175000559318|0580||T1019|||||20130120|000048.00|000202.56|||                                                                                                                                                                                                                                                                                                                                                                                                                                                        
175000559318|0580||T1019|||||20130121|000048.00|000202.56|||                                                                                                                                                                                                                                                                                                                                                                                                                                                        
175000559318|0580||T1019|||||20130122|000048.00|000202.56|||                                                                                                                                                                                                                                                                                                                                                                                                                                                        
175000559318|0580||T1019|||||20130123|000048.00|000202.56|||                                                                                                                                                                                                                                                                                                                                                                                                                                                        
175000559318|0580||T1019|||||20130124|000048.00|000202.56|||                                                                                                                                                                                                                                                                                                                                                                                                                                                        
175000559318|0580||T1019|||||20130125|000048.00|000202.56|||                                                                                                                                                                                                                                                                                                                                                                                                                                                        
175000559319|0572||G0156|||||20130119|000008.00|000114.00|||                                                                                                                                                                                                                                                                                                                                                                                                                                                        
175000559319|0572||G0156|||||20130120|000008.00|000114.00|||                                                                                                                                                                                                                                                                                                                                                                                                                                                        
175000559319|0572||G0156|||||20130121|000008.00|000114.00|||                                                                                                                                                                                                                                                                                                                                                                                                                                                        
175000559319|0572||G0156|||||20130122|000008.00|000114.00|||                                                                                                                                                                                                                                                                                                                                                                                                                                                        
175000559319|0572||G0156|||||20130123|000008.00|000114.00|||                                                                                                                                                                                                                                                                                                                                                                                                                                                        
175000559319|0572||G0156|||||20130124|000008.00|000114.00|||                                                                                                                                                                                                                                                                                                                                                                                                                                                        
175000559319|0572||G0156|||||20130125|000008.00|000114.00|||                                                                                                                                                                                                                                                                                                                                                                                                                                                        
175000559320|0572||G0156|||||20130119|000012.00|000171.00|||                                                                                                                                                                                                                                                                                                                                                                                                                                                        
175000559320|0572||G0156|||||20130120|000012.00|000171.00|||                                                                                                                                                                                                                                                                                                                                                                                                                                                        
175000559320|0572||G0156|||||20130121|000012.00|000171.00|||                                                                                                                                                                                                                                                                                                                                                                                                                                                        
175000559320|0572||G0156|||||20130122|000012.00|000171.00|||                                                                                                                                                                                                                                                                                                                                                                                                                                                        
175000559320|0572||G0156|||||20130123|000012.00|000171.00|||                                                                                                                                                                                                                                                                                                                                                                                                                                                        
175000559320|0572||G0156|||||20130124|000012.00|000171.00|||                                                                                                                                                                                                                                                                                                                                                                                                                                                        
175000559320|0572||G0156|||||20130125|000012.00|000171.00|||                                                                                                                                                                                                                                                                                                                                                                                                                                                        
175000559321|0580||T1019|||||20130121|000016.00|000067.52|||                                                                                                                                                                                                                                                                                                                                                                                                                                                        
175000559321|0580||T1019|||||20130122|000016.00|000067.52|||                                                                                                                                                                                                                                                                                                                                                                                                                                                        
175000559321|0580||T1019|||||20130123|000016.00|000067.52|||                                                                                                                                                                                                                                                                                                                                                                                                                                                        
175000559321|0580||T1019|||||20130124|000016.00|000067.52|||                                                                                                                                                                                                                                                                                                                                                                                                                                                        
175000559321|0580||T1019|||||20130125|000016.00|000067.52|||                                                                                                                                                                                                                                                                                                                                                                                                                                                        
175000559322|0580||T1019|||||20130119|000036.00|000151.92|||                                                                                                                                                                                                                                                                                                                                                                                                                                                        
175000559322|0580||T1019|||||20130120|000036.00|000151.92|||                                                                                                                                                                                                                                                                                                                                                                                                                                                        
175000559322|0580||T1019|||||20130121|000036.00|000151.92|||                                                                                                                                                                                                                                                                                                                                                                                                                                                        
175000559322|0580||T1019|||||20130122|000036.00|000151.92|||                                                                                                                                                                                                                                                                                                                                                                                                                                                        
175000559322|0580||T1019|||||20130123|000036.00|000151.92|||                                                                                                                                                                                                                                                                                                                                                                                                                                                        
175000559322|0580||T1019|||||20130124|000036.00|000151.92|||                                                                                                                                                                                                                                                                                                                                                                                                                                                        
175000559322|0580||T1019|||||20130125|000036.00|000151.92|||                                                                                                                                                                                                                                                                                                                                                                                                                                                        
175000559323|0580||T1019|||||20130117|000028.00|000118.16|||                                                                                                                                                                                                                                                                                                                                                                                                                                                        
175000559323|0580||T1019|||||20130119|000028.00|000118.16|||                                                                                                                                                                                                                                                                                                                                                                                                                                                        
175000559323|0580||T1019|||||20130120|000028.00|000118.16|||                                                                                                                                                                                                                                                                                                                                                                                                                                                        
175000559323|0580||T1019|||||20130121|000028.00|000118.16|||                                                                                                                                                                                                                                                                                                                                                                                                                                                        
175000559323|0580||T1019|||||20130122|000028.00|000118.16|||                                                                                                                                                                                                                                                                                                                                                                                                                                                        
175000559323|0580||T1019|||||20130123|000028.00|000118.16|||                                                                                                                                                                                                                                                                                                                                                                                                                                                        
175000559323|0580||T1019|||||20130124|000028.00|000118.16|||                                                                                                                                                                                                                                                                                                                                                                                                                                                        
175000559323|0580||T1019|||||20130125|000028.00|000118.16|||                                                                                                                                                                                                                                                                                                                                                                                                                                                        
175000559324|0580||T1019|||||20130119|000048.00|000202.56|||                                                                                                                                                                                                                                                                                                                                                                                                                                                        
175000559324|0580||T1019|||||20130120|000048.00|000202.56|||                                                                                                                                                                                                                                                                                                                                                                                                                                                        
175000559324|0580||T1019|||||20130121|000048.00|000202.56|||                                                                                                                                                                                                                                                                                                                                                                                                                                                        
175000559324|0580||T1019|||||20130122|000048.00|000202.56|||                                                                                                                                                                                                                                                                                                                                                                                                                                                        
175000559324|0580||T1019|||||20130123|000048.00|000202.56|||                                                                                                                                                                                                                                                                                                                                                                                                                                                        
175000559324|0580||T1019|||||20130124|000048.00|000202.56|||                                                                                                                                                                                                                                                                                                                                                                                                                                                        
175000559325|0580||T1019|||||20130119|000048.00|000202.56|||                                                                                                                                                                                                                                                                                                                                                                                                                                                        
175000559325|0580||T1019|||||20130120|000048.00|000202.56|||                                                                                                                                                                                                                                                                                                                                                                                                                                                        
175000559325|0580||T1019|||||20130121|000048.00|000202.56|||                                                                                                                                                                                                                                                                                                                                                                                                                                                        
175000559325|0580||T1019|||||20130122|000048.00|000202.56|||                                                                                                                                                                                                                                                                                                                                                                                                                                                        
175000559325|0580||T1019|||||20130123|000048.00|000202.56|||                                                                                                                                                                                                                                                                                                                                                                                                                                                        
175000559325|0580||T1019|||||20130124|000048.00|000202.56|||                                                                                                                                                                                                                                                                                                                                                                                                                                                        
175000559325|0580||T1019|||||20130125|000048.00|000202.56|||                                                                                                                                                                                                                                                                                                                                                                                                                                                        
175000559326|0580||T1019|||||20130119|000032.00|000135.04|||                                                                                                                                                                                                                                                                                                                                                                                                                                                        
175000559326|0580||T1019|||||20130120|000032.00|000135.04|||                                                                                                                                                                                                                                                                                                                                                                                                                                                        
175000559326|0580||T1019|||||20130121|000032.00|000135.04|||                                                                                                                                                                                                                                                                                                                                                                                                                                                        
175000559326|0580||T1019|||||20130122|000032.00|000135.04|||                                                                                                                                                                                                                                                                                                                                                                                                                                                        
175000559326|0580||T1019|||||20130123|000032.00|000135.04|||                                                                                                                                                                                                                                                                                                                                                                                                                                                        
175000559326|0580||T1019|||||20130124|000032.00|000135.04|||                                                                                                                                                                                                                                                                                                                                                                                                                                                        
175000559326|0580||T1019|||||20130125|000032.00|000135.04|||                                                                                                                                                                                                                                                                                                                                                                                                                                                        
175000559327|0580||T1019|||||20130121|000020.00|000084.40|||                                                                                                                                                                                                                                                                                                                                                                                                                                                        
175000559327|0580||T1019|||||20130122|000020.00|000084.40|||                                                                                                                                                                                                                                                                                                                                                                                                                                                        
175000559327|0580||T1019|||||20130123|000020.00|000084.40|||                                                                                                                                                                                                                                                                                                                                                                                                                                                        
175000559327|0580||T1019|||||20130124|000020.00|000084.40|||                                                                                                                                                                                                                                                                                                                                                                                                                                                        
175000559327|0580||T1019|||||20130125|000020.00|000084.40|||                                                                                                                                                                                                                                                                                                                                                                                                                                                        
175000559328|0580||T1019|||||20130121|000016.00|000067.52|||                                                                                                                                                                                                                                                                                                                                                                                                                                                        
175000559328|0580||T1019|||||20130122|000016.00|000067.52|||                                                                                                                                                                                                                                                                                                                                                                                                                                                        
175000559328|0580||T1019|||||20130123|000015.00|000063.30|||                                                                                                                                                                                                                                                                                                                                                                                                                                                        
175000559328|0580||T1019|||||20130124|000016.00|000067.52|||                                                                                                                                                                                                                                                                                                                                                                                                                                                        
175000559328|0580||T1019|||||20130125|000016.00|000067.52|||                                                                                                                                                                                                                                                                                                                                                                                                                                                        
175000559329|0580||T1019|||||20130124|000040.00|000168.80|||                                                                                                                                                                                                                                                                                                                                                                                                                                                        
175000559330|0580||T1019|||||20130121|000040.00|000168.80|||                                                                                                                                                                                                                                                                                                                                                                                                                                                        
175000559330|0580||T1019|||||20130122|000040.00|000168.80|||                                                                                                                                                                                                                                                                                                                                                                                                                                                        
175000559330|0580||T1019|||||20130123|000040.00|000168.80|||                                                                                                                                                                                                                                                                                                                                                                                                                                                        
175000559330|0580||T1019|||||20130124|000040.00|000168.80|||                                                                                                                                                                                                                                                                                                                                                                                                                                                        
175000559331|0580||T1019|||||20130119|000020.00|000084.40|||                                                                                                                                                                                                                                                                                                                                                                                                                                                        
175000559331|0580||T1019|||||20130120|000020.00|000084.40|||                                                                                                                                                                                                                                                                                                                                                                                                                                                        
175000559331|0580||T1019|||||20130121|000020.00|000084.40|||                                                                                                                                                                                                                                                                                                                                                                                                                                                        
175000559331|0580||T1019|||||20130122|000020.00|000084.40|||                                                                                                                                                                                                                                                                                                                                                                                                                                                        
175000559331|0580||T1019|||||20130123|000020.00|000084.40|||                                                                                                                                                                                                                                                                                                                                                                                                                                                        
175000559331|0580||T1019|||||20130124|000020.00|000084.40|||                                                                                                                                                                                                                                                                                                                                                                                                                                                        
175000559331|0580||T1019|||||20130125|000020.00|000084.40|||                                                                                                                                                                                                                                                                                                                                                                                                                                                        
175000559332|0580||T1019|||||20130125|000020.00|000084.40|||                                                                                                                                                                                                                                                                                                                                                                                                                                                        
175000559333|0580||T1019|||||20130121|000016.00|000067.52|||                                                                                                                                                                                                                                                                                                                                                                                                                                                        
175000559333|0580||T1019|||||20130122|000016.00|000067.52|||                                                                                                                                                                                                                                                                                                                                                                                                                                                        
175000559333|0580||T1019|||||20130123|000016.00|000067.52|||                                                                                                                                                                                                                                                                                                                                                                                                                                                        
175000559333|0580||T1019|||||20130124|000016.00|000067.52|||                                                                                                                                                                                                                                                                                                                                                                                                                                                        
175000559387|0580||T1019|||||20130114|000012.00|000050.64|||                                                                                                                                                                                                                                                                                                                                                                                                                                                        
175000559387|0580||T1019|||||20130116|000012.00|000050.64|||                                                                                                                                                                                                                                                                                                                                                                                                                                                        
175000559387|0580||T1019|||||20130118|000016.00|000067.52|||                                                                                                                                                                                                                                                                                                                                                                                                                                                        
175000559388|0580||T1019|||||20130119|000035.00|000147.70|||                                                                                                                                                                                                                                                                                                                                                                                                                                                        
175000559388|0580||T1019|||||20130120|000039.00|000164.58|||                                                                                                                                                                                                                                                                                                                                                                                                                                                        
175000559388|0580||T1019|||||20130121|000036.00|000151.92|||                                                                                                                                                                                                                                                                                                                                                                                                                                                        
175000559388|0580||T1019|||||20130122|000036.00|000151.92|||                                                                                                                                                                                                                                                                                                                                                                                                                                                        
175000559388|0580||T1019|||||20130123|000040.00|000168.80|||                                                                                                                                                                                                                                                                                                                                                                                                                                                        
175000559388|0580||T1019|||||20130124|000036.00|000151.92|||                                                                                                                                                                                                                                                                                                                                                                                                                                                        
175000559388|0580||T1019|||||20130125|000040.00|000168.80|||                                                                                                                                                                                                                                                                                                                                                                                                                                                        
175000559389|0580||T1019|||||20130121|000016.00|000067.52|||                                                                                                                                                                                                                                                                                                                                                                                                                                                        
175000559389|0580||T1019|||||20130122|000016.00|000067.52|||                                                                                                                                                                                                                                                                                                                                                                                                                                                        
175000559389|0580||T1019|||||20130123|000016.00|000067.52|||                                                                                                                                                                                                                                                                                                                                                                                                                                                        
175000559389|0580||T1019|||||20130124|000016.00|000067.52|||                                                                                                                                                                                                                                                                                                                                                                                                                                                        
175000559389|0580||T1019|||||20130125|000016.00|000067.52|||                                                                                                                                                                                                                                                                                                                                                                                                                                                        
175000559390|0582||S5130|||||20130121|000016.00|000067.52|||                                                                                                                                                                                                                                                                                                                                                                                                                                                        
175000559390|0582||S5130|||||20130125|000016.00|000067.52|||                                                                                                                                                                                                                                                                                                                                                                                                                                                        
175000559391|0580||T1019|||||20130112|000020.00|000084.40|||                                                                                                                                                                                                                                                                                                                                                                                                                                                        
175000559391|0580||T1019|||||20130113|000020.00|000084.40|||                                                                                                                                                                                                                                                                                                                                                                                                                                                        
175000559391|0580||T1019|||||20130114|000012.00|000050.64|||                                                                                                                                                                                                                                                                                                                                                                                                                                                        
175000559391|0580||T1019|||||20130115|000012.00|000050.64|||                                                                                                                                                                                                                                                                                                                                                                                                                                                        
175000559391|0580||T1019|||||20130116|000012.00|000050.64|||                                                                                                                                                                                                                                                                                                                                                                                                                                                        
175000559391|0580||T1019|||||20130117|000012.00|000050.64|||                                                                                                                                                                                                                                                                                                                                                                                                                                                        
175000559391|0580||T1019|||||20130118|000012.00|000050.64|||                                                                                                                                                                                                                                                                                                                                                                                                                                                        
175000559392|0580||T1019|||||20130112|000016.00|000067.52|||                                                                                                                                                                                                                                                                                                                                                                                                                                                        
175000559392|0580||T1019|||||20130113|000016.00|000067.52|||                                                                                                                                                                                                                                                                                                                                                                                                                                                        
175000559392|0580||T1019|||||20130114|000008.00|000033.76|||                                                                                                                                                                                                                                                                                                                                                                                                                                                        
175000559392|0580||T1019|||||20130115|000008.00|000033.76|||                                                                                                                                                                                                                                                                                                                                                                                                                                                        
175000559392|0580||T1019|||||20130116|000008.00|000033.76|||                                                                                                                                                                                                                                                                                                                                                                                                                                                        
175000559392|0580||T1019|||||20130117|000008.00|000033.76|||                                                                                                                                                                                                                                                                                                                                                                                                                                                        
175000559392|0580||T1019|||||20130118|000008.00|000033.76|||                                                                                                                                                                                                                                                                                                                                                                                                                                                        
175000559393|0580||T1019|||||20130124|000016.00|000060.00|||                                                                                                                                                                                                                                                                                                                                                                                                                                                        
175000559393|0580||T1019|||||20130125|000016.00|000060.00|||                                                                                                                                                                                                                                                                                                                                                                                                                                                        
175000559394|0580||T1019|||||20130119|000024.00|000090.00|||                                                                                                                                                                                                                                                                                                                                                                                                                                                        
175000559394|0580||T1019|||||20130121|000024.00|000090.00|||                                                                                                                                                                                                                                                                                                                                                                                                                                                        
175000559394|0580||T1019|||||20130122|000024.00|000090.00|||                                                                                                                                                                                                                                                                                                                                                                                                                                                        
175000559394|0580||T1019|||||20130123|000024.00|000090.00|||                                                                                                                                                                                                                                                                                                                                                                                                                                                        
175000559394|0580||T1019|||||20130124|000024.00|000090.00|||                                                                                                                                                                                                                                                                                                                                                                                                                                                        
175000559394|0580||T1019|||||20130125|000024.00|000090.00|||                                                                                                                                                                                                                                                                                                                                                                                                                                                        
175000559395|0580||T1019|||||20130121|000032.00|000120.00|||                                                                                                                                                                                                                                                                                                                                                                                                                                                        
175000559395|0580||T1019|||||20130122|000036.00|000135.00|||                                                                                                                                                                                                                                                                                                                                                                                                                                                        
175000559395|0580||T1019|||||20130124|000036.00|000135.00|||                                                                                                                                                                                                                                                                                                                                                                                                                                                        
175000559395|0580||T1019|||||20130125|000032.00|000120.00|||                                                                                                                                                                                                                                                                                                                                                                                                                                                        
175000559396|0580||T1019|||||20130119|000036.00|000151.92|||                                                                                                                                                                                                                                                                                                                                                                                                                                                        
175000559396|0580||T1019|||||20130120|000036.00|000151.92|||                                                                                                                                                                                                                                                                                                                                                                                                                                                        
175000559396|0580||T1019|||||20130121|000036.00|000151.92|||                                                                                                                                                                                                                                                                                                                                                                                                                                                        
175000559396|0580||T1019|||||20130122|000036.00|000151.92|||                                                                                                                                                                                                                                                                                                                                                                                                                                                        
175000559396|0580||T1019|||||20130124|000036.00|000151.92|||                                                                                                                                                                                                                                                                                                                                                                                                                                                        
175000559396|0580||T1019|||||20130125|000036.00|000151.92|||                                                                                                                                                                                                                                                                                                                                                                                                                                                        
175000559397|0580||T1019|||||20130122|000016.00|000067.52|||                                                                                                                                                                                                                                                                                                                                                                                                                                                        
175000559397|0580||T1019|||||20130123|000016.00|000067.52|||                                                                                                                                                                                                                                                                                                                                                                                                                                                        
175000559398|0580||T1019|||||20130123|000016.00|000067.52|||                                                                                                                                                                                                                                                                                                                                                                                                                                                        
175000559398|0580||T1019|||||20130124|000016.00|000067.52|||                                                                                                                                                                                                                                                                                                                                                                                                                                                        
175000559398|0580||T1019|||||20130125|000016.00|000067.52|||                                                                                                                                                                                                                                                                                                                                                                                                                                                        
175000559399|0570||T1019|1C||||20130122|000006.00|000095.40|||                                                                                                                                                                                                                                                                                                                                                                                                                                                      
175000559399|0570||T1019|1C||||20130123|000006.00|000095.40|||                                                                                                                                                                                                                                                                                                                                                                                                                                                      
175000559399|0570||T1019|1C||||20130125|000006.00|000095.40|||                                                                                                                                                                                                                                                                                                                                                                                                                                                      
175000559400|0570||T1019|1C||||20130121|000004.00|000063.60|||                                                                                                                                                                                                                                                                                                                                                                                                                                                      
175000559400|0570||T1019|1C||||20130122|000004.00|000063.60|||                                                                                                                                                                                                                                                                                                                                                                                                                                                      
175000559400|0570||T1019|1C||||20130123|000004.00|000063.60|||                                                                                                                                                                                                                                                                                                                                                                                                                                                      
175000559400|0570||T1019|1C||||20130124|000004.00|000063.60|||                                                                                                                                                                                                                                                                                                                                                                                                                                                      
175000559400|0570||T1019|1C||||20130125|000004.00|000063.60|||                                                                                                                                                                                                                                                                                                                                                                                                                                                      
175000559401|0570||T1019|1C||||20130121|000004.00|000063.60|||                                                                                                                                                                                                                                                                                                                                                                                                                                                      
175000559401|0570||T1019|1C||||20130122|000004.00|000063.60|||                                                                                                                                                                                                                                                                                                                                                                                                                                                      
175000559401|0570||T1019|1C||||20130123|000004.00|000063.60|||                                                                                                                                                                                                                                                                                                                                                                                                                                                      
175000559401|0570||T1019|1C||||20130124|000004.00|000063.60|||                                                                                                                                                                                                                                                                                                                                                                                                                                                      
175000559401|0570||T1019|1C||||20130125|000004.00|000063.60|||                                                                                                                                                                                                                                                                                                                                                                                                                                                      
