175000916720|0580||T1019|||||20130111|000004.00|000014.00|||                                                                                                                                                                                                                                                                                                                                                                                                                                                        
175000916720|0580||T1019|||||20130114|000020.00|000070.00|||                                                                                                                                                                                                                                                                                                                                                                                                                                                        
175000916720|0580||T1019|||||20130115|000020.00|000070.00|||                                                                                                                                                                                                                                                                                                                                                                                                                                                        
175000916720|0580||T1019|||||20130116|000020.00|000070.00|||                                                                                                                                                                                                                                                                                                                                                                                                                                                        
175000916720|0580||T1019|||||20130117|000020.00|000070.00|||                                                                                                                                                                                                                                                                                                                                                                                                                                                        
175000916721|0580||T1019|||||20130121|000020.00|000084.40|||                                                                                                                                                                                                                                                                                                                                                                                                                                                        
175000916721|0580||T1019|||||20130122|000020.00|000084.40|||                                                                                                                                                                                                                                                                                                                                                                                                                                                        
175000916721|0580||T1019|||||20130123|000020.00|000084.40|||                                                                                                                                                                                                                                                                                                                                                                                                                                                        
175000916721|0580||T1019|||||20130124|000020.00|000084.40|||                                                                                                                                                                                                                                                                                                                                                                                                                                                        
175000916721|0580||T1019|||||20130125|000020.00|000084.40|||                                                                                                                                                                                                                                                                                                                                                                                                                                                        
175000916722|0580||T1019|||||20130128|000020.00|000084.40|||                                                                                                                                                                                                                                                                                                                                                                                                                                                        
175000916722|0580||T1019|||||20130129|000020.00|000084.40|||                                                                                                                                                                                                                                                                                                                                                                                                                                                        
175000916722|0580||T1019|||||20130130|000020.00|000084.40|||                                                                                                                                                                                                                                                                                                                                                                                                                                                        
175000916722|0580||T1019|||||20130131|000020.00|000084.40|||                                                                                                                                                                                                                                                                                                                                                                                                                                                        
175000916722|0580||T1019|||||20130201|000020.00|000084.40|||                                                                                                                                                                                                                                                                                                                                                                                                                                                        
175000916723|0580||T1019|||||20130204|000020.00|000084.40|||                                                                                                                                                                                                                                                                                                                                                                                                                                                        
175000916723|0580||T1019|||||20130205|000020.00|000084.40|||                                                                                                                                                                                                                                                                                                                                                                                                                                                        
175000916723|0580||T1019|||||20130206|000017.00|000071.74|||                                                                                                                                                                                                                                                                                                                                                                                                                                                        
175000916723|0580||T1019|||||20130207|000020.00|000084.40|||                                                                                                                                                                                                                                                                                                                                                                                                                                                        
175000916723|0580||T1019|||||20130208|000020.00|000084.40|||                                                                                                                                                                                                                                                                                                                                                                                                                                                        
175000916724|0580||T1019|||||20130212|000020.00|000084.40|||                                                                                                                                                                                                                                                                                                                                                                                                                                                        
175000916724|0580||T1019|||||20130213|000020.00|000084.40|||                                                                                                                                                                                                                                                                                                                                                                                                                                                        
175000916724|0580||T1019|||||20130214|000020.00|000084.40|||                                                                                                                                                                                                                                                                                                                                                                                                                                                        
175000916724|0580||T1019|||||20130215|000020.00|000084.40|||                                                                                                                                                                                                                                                                                                                                                                                                                                                        
175000916725|0580||T1019|||||20130218|000020.00|000084.40|||                                                                                                                                                                                                                                                                                                                                                                                                                                                        
175000916725|0580||T1019|||||20130220|000020.00|000084.40|||                                                                                                                                                                                                                                                                                                                                                                                                                                                        
175000916725|0580||T1019|||||20130221|000020.00|000084.40|||                                                                                                                                                                                                                                                                                                                                                                                                                                                        
175000916725|0580||T1019|||||20130222|000020.00|000084.40|||                                                                                                                                                                                                                                                                                                                                                                                                                                                        
175000916726|0580||T1019|||||20130225|000020.00|000084.40|||                                                                                                                                                                                                                                                                                                                                                                                                                                                        
175000916726|0580||T1019|||||20130226|000020.00|000084.40|||                                                                                                                                                                                                                                                                                                                                                                                                                                                        
175000916726|0580||T1019|||||20130227|000020.00|000084.40|||                                                                                                                                                                                                                                                                                                                                                                                                                                                        
175000916726|0580||T1019|||||20130228|000020.00|000084.40|||                                                                                                                                                                                                                                                                                                                                                                                                                                                        
175000916726|0580||T1019|||||20130301|000020.00|000084.40|||                                                                                                                                                                                                                                                                                                                                                                                                                                                        
175000916727|0580||T1019|||||20130304|000020.00|000084.40|||                                                                                                                                                                                                                                                                                                                                                                                                                                                        
175000916727|0580||T1019|||||20130305|000020.00|000084.40|||                                                                                                                                                                                                                                                                                                                                                                                                                                                        
175000916727|0580||T1019|||||20130307|000020.00|000084.40|||                                                                                                                                                                                                                                                                                                                                                                                                                                                        
175000916727|0580||T1019|||||20130308|000020.00|000084.40|||                                                                                                                                                                                                                                                                                                                                                                                                                                                        
175000916728|0580||T1019|||||20130311|000020.00|000084.40|||                                                                                                                                                                                                                                                                                                                                                                                                                                                        
175000916728|0580||T1019|||||20130312|000020.00|000084.40|||                                                                                                                                                                                                                                                                                                                                                                                                                                                        
175000916728|0580||T1019|||||20130313|000020.00|000084.40|||                                                                                                                                                                                                                                                                                                                                                                                                                                                        
175000916728|0580||T1019|||||20130314|000020.00|000084.40|||                                                                                                                                                                                                                                                                                                                                                                                                                                                        
175000916728|0580||T1019|||||20130315|000020.00|000084.40|||                                                                                                                                                                                                                                                                                                                                                                                                                                                        
175000916729|0580||T1019|||||20130318|000020.00|000084.40|||                                                                                                                                                                                                                                                                                                                                                                                                                                                        
175000916729|0580||T1019|||||20130319|000020.00|000084.40|||                                                                                                                                                                                                                                                                                                                                                                                                                                                        
175000916729|0580||T1019|||||20130320|000020.00|000084.40|||                                                                                                                                                                                                                                                                                                                                                                                                                                                        
175000916729|0580||T1019|||||20130321|000020.00|000084.40|||                                                                                                                                                                                                                                                                                                                                                                                                                                                        
175000916729|0580||T1019|||||20130322|000020.00|000084.40|||                                                                                                                                                                                                                                                                                                                                                                                                                                                        
175000916730|0580||T1019|||||20130325|000020.00|000084.40|||                                                                                                                                                                                                                                                                                                                                                                                                                                                        
175000916730|0580||T1019|||||20130326|000020.00|000084.40|||                                                                                                                                                                                                                                                                                                                                                                                                                                                        
175000916730|0580||T1019|||||20130327|000020.00|000084.40|||                                                                                                                                                                                                                                                                                                                                                                                                                                                        
175000916730|0580||T1019|||||20130328|000020.00|000084.40|||                                                                                                                                                                                                                                                                                                                                                                                                                                                        
175000916730|0580||T1019|||||20130329|000019.00|000080.18|||                                                                                                                                                                                                                                                                                                                                                                                                                                                        
175000916731|0580||T1019|||||20130401|000020.00|000084.40|||                                                                                                                                                                                                                                                                                                                                                                                                                                                        
175000916731|0580||T1019|||||20130402|000020.00|000084.40|||                                                                                                                                                                                                                                                                                                                                                                                                                                                        
175000916731|0580||T1019|||||20130403|000020.00|000084.40|||                                                                                                                                                                                                                                                                                                                                                                                                                                                        
175000916731|0580||T1019|||||20130404|000020.00|000084.40|||                                                                                                                                                                                                                                                                                                                                                                                                                                                        
175000916732|0580||T1019|||||20130408|000020.00|000084.40|||                                                                                                                                                                                                                                                                                                                                                                                                                                                        
175000916732|0580||T1019|||||20130409|000020.00|000084.40|||                                                                                                                                                                                                                                                                                                                                                                                                                                                        
175000916732|0580||T1019|||||20130410|000020.00|000084.40|||                                                                                                                                                                                                                                                                                                                                                                                                                                                        
175000916732|0580||T1019|||||20130411|000020.00|000084.40|||                                                                                                                                                                                                                                                                                                                                                                                                                                                        
175000916733|0580||T1019|||||20130415|000012.00|000050.64|||                                                                                                                                                                                                                                                                                                                                                                                                                                                        
175000916733|0580||T1019|||||20130416|000020.00|000084.40|||                                                                                                                                                                                                                                                                                                                                                                                                                                                        
175000916733|0580||T1019|||||20130417|000020.00|000084.40|||                                                                                                                                                                                                                                                                                                                                                                                                                                                        
175000916733|0580||T1019|||||20130418|000020.00|000084.40|||                                                                                                                                                                                                                                                                                                                                                                                                                                                        
175000916733|0580||T1019|||||20130419|000020.00|000084.40|||                                                                                                                                                                                                                                                                                                                                                                                                                                                        
175000916734|0580||T1019|||||20130422|000020.00|000084.40|||                                                                                                                                                                                                                                                                                                                                                                                                                                                        
175000916734|0580||T1019|||||20130423|000020.00|000084.40|||                                                                                                                                                                                                                                                                                                                                                                                                                                                        
175000916734|0580||T1019|||||20130424|000020.00|000084.40|||                                                                                                                                                                                                                                                                                                                                                                                                                                                        
175000916734|0580||T1019|||||20130425|000020.00|000084.40|||                                                                                                                                                                                                                                                                                                                                                                                                                                                        
175000916735|0580||T1019|||||20130429|000020.00|000084.40|||                                                                                                                                                                                                                                                                                                                                                                                                                                                        
175000916735|0580||T1019|||||20130430|000020.00|000084.40|||                                                                                                                                                                                                                                                                                                                                                                                                                                                        
175000916735|0580||T1019|||||20130501|000020.00|000084.40|||                                                                                                                                                                                                                                                                                                                                                                                                                                                        
175000916735|0580||T1019|||||20130502|000020.00|000084.40|||                                                                                                                                                                                                                                                                                                                                                                                                                                                        
175000916735|0580||T1019|||||20130503|000020.00|000084.40|||                                                                                                                                                                                                                                                                                                                                                                                                                                                        
175000916736|0580||T1019|||||20130507|000016.00|000067.52|||                                                                                                                                                                                                                                                                                                                                                                                                                                                        
175000916736|0580||T1019|||||20130508|000020.00|000084.40|||                                                                                                                                                                                                                                                                                                                                                                                                                                                        
175000916736|0580||T1019|||||20130509|000020.00|000084.40|||                                                                                                                                                                                                                                                                                                                                                                                                                                                        
175000916736|0580||T1019|||||20130510|000020.00|000084.40|||                                                                                                                                                                                                                                                                                                                                                                                                                                                        
175000916737|0580||T1019|||||20130513|000020.00|000084.40|||                                                                                                                                                                                                                                                                                                                                                                                                                                                        
175000916737|0580||T1019|||||20130514|000020.00|000084.40|||                                                                                                                                                                                                                                                                                                                                                                                                                                                        
175000916737|0580||T1019|||||20130515|000020.00|000084.40|||                                                                                                                                                                                                                                                                                                                                                                                                                                                        
175000916737|0580||T1019|||||20130516|000020.00|000084.40|||                                                                                                                                                                                                                                                                                                                                                                                                                                                        
175000916737|0580||T1019|||||20130517|000020.00|000084.40|||                                                                                                                                                                                                                                                                                                                                                                                                                                                        
