175000760352|0580||T1019|||||20130415|000024.00|000101.28|||                                                                                                                                                                                                                                                                                                                                                                                                                                                        
175000760352|0580||T1019|||||20130416|000024.00|000101.28|||                                                                                                                                                                                                                                                                                                                                                                                                                                                        
175000760352|0580||T1019|||||20130417|000024.00|000101.28|||                                                                                                                                                                                                                                                                                                                                                                                                                                                        
175000760352|0580||T1019|||||20130418|000024.00|000101.28|||                                                                                                                                                                                                                                                                                                                                                                                                                                                        
175000760352|0580||T1019|||||20130419|000024.00|000101.28|||                                                                                                                                                                                                                                                                                                                                                                                                                                                        
175000760353|0580||T1019|||||20130413|000048.00|000202.56|||                                                                                                                                                                                                                                                                                                                                                                                                                                                        
175000760353|0580||T1019|||||20130414|000048.00|000202.56|||                                                                                                                                                                                                                                                                                                                                                                                                                                                        
175000760353|0580||T1019|||||20130415|000048.00|000202.56|||                                                                                                                                                                                                                                                                                                                                                                                                                                                        
175000760353|0580||T1019|||||20130416|000048.00|000202.56|||                                                                                                                                                                                                                                                                                                                                                                                                                                                        
175000760353|0580||T1019|||||20130417|000048.00|000202.56|||                                                                                                                                                                                                                                                                                                                                                                                                                                                        
175000760353|0580||T1019|||||20130418|000048.00|000202.56|||                                                                                                                                                                                                                                                                                                                                                                                                                                                        
175000760353|0580||T1019|||||20130419|000048.00|000202.56|||                                                                                                                                                                                                                                                                                                                                                                                                                                                        
175000760354|0572||G0156|||||20130413|000008.00|000114.00|||                                                                                                                                                                                                                                                                                                                                                                                                                                                        
175000760354|0572||G0156|||||20130414|000008.00|000114.00|||                                                                                                                                                                                                                                                                                                                                                                                                                                                        
175000760354|0572||G0156|||||20130415|000008.00|000114.00|||                                                                                                                                                                                                                                                                                                                                                                                                                                                        
175000760354|0572||G0156|||||20130416|000008.00|000114.00|||                                                                                                                                                                                                                                                                                                                                                                                                                                                        
175000760354|0572||G0156|||||20130417|000008.00|000114.00|||                                                                                                                                                                                                                                                                                                                                                                                                                                                        
175000760354|0572||G0156|||||20130418|000008.00|000114.00|||                                                                                                                                                                                                                                                                                                                                                                                                                                                        
175000760354|0572||G0156|||||20130419|000008.00|000114.00|||                                                                                                                                                                                                                                                                                                                                                                                                                                                        
175000760355|0572||G0156|||||20130413|000012.00|000171.00|||                                                                                                                                                                                                                                                                                                                                                                                                                                                        
175000760355|0572||G0156|||||20130415|000012.00|000171.00|||                                                                                                                                                                                                                                                                                                                                                                                                                                                        
175000760355|0572||G0156|||||20130416|000012.00|000171.00|||                                                                                                                                                                                                                                                                                                                                                                                                                                                        
175000760355|0572||G0156|||||20130418|000012.00|000171.00|||                                                                                                                                                                                                                                                                                                                                                                                                                                                        
175000760355|0572||G0156|||||20130419|000012.00|000171.00|||                                                                                                                                                                                                                                                                                                                                                                                                                                                        
175000760356|0580||T1019|||||20130415|000016.00|000067.52|||                                                                                                                                                                                                                                                                                                                                                                                                                                                        
175000760356|0580||T1019|||||20130416|000016.00|000067.52|||                                                                                                                                                                                                                                                                                                                                                                                                                                                        
175000760356|0580||T1019|||||20130418|000016.00|000067.52|||                                                                                                                                                                                                                                                                                                                                                                                                                                                        
175000760356|0580||T1019|||||20130419|000016.00|000067.52|||                                                                                                                                                                                                                                                                                                                                                                                                                                                        
175000760357|0580||T1019|||||20130413|000036.00|000151.92|||                                                                                                                                                                                                                                                                                                                                                                                                                                                        
175000760357|0580||T1019|||||20130414|000036.00|000151.92|||                                                                                                                                                                                                                                                                                                                                                                                                                                                        
175000760357|0580||T1019|||||20130415|000036.00|000151.92|||                                                                                                                                                                                                                                                                                                                                                                                                                                                        
175000760357|0580||T1019|||||20130416|000036.00|000151.92|||                                                                                                                                                                                                                                                                                                                                                                                                                                                        
175000760357|0580||T1019|||||20130417|000036.00|000151.92|||                                                                                                                                                                                                                                                                                                                                                                                                                                                        
175000760357|0580||T1019|||||20130418|000036.00|000151.92|||                                                                                                                                                                                                                                                                                                                                                                                                                                                        
175000760357|0580||T1019|||||20130419|000036.00|000151.92|||                                                                                                                                                                                                                                                                                                                                                                                                                                                        
175000760358|0580||T1019|||||20130413|000028.00|000118.16|||                                                                                                                                                                                                                                                                                                                                                                                                                                                        
175000760359|0580||T1019|||||20130414|000028.00|000118.16|||                                                                                                                                                                                                                                                                                                                                                                                                                                                        
175000760359|0580||T1019|||||20130415|000028.00|000118.16|||                                                                                                                                                                                                                                                                                                                                                                                                                                                        
175000760359|0580||T1019|||||20130416|000028.00|000118.16|||                                                                                                                                                                                                                                                                                                                                                                                                                                                        
175000760359|0580||T1019|||||20130417|000028.00|000118.16|||                                                                                                                                                                                                                                                                                                                                                                                                                                                        
175000760359|0580||T1019|||||20130418|000028.00|000118.16|||                                                                                                                                                                                                                                                                                                                                                                                                                                                        
175000760359|0580||T1019|||||20130419|000028.00|000118.16|||                                                                                                                                                                                                                                                                                                                                                                                                                                                        
175000760360|0580||T1019|||||20130413|000048.00|000202.56|||                                                                                                                                                                                                                                                                                                                                                                                                                                                        
175000760360|0580||T1019|||||20130414|000048.00|000202.56|||                                                                                                                                                                                                                                                                                                                                                                                                                                                        
175000760360|0580||T1019|||||20130415|000048.00|000202.56|||                                                                                                                                                                                                                                                                                                                                                                                                                                                        
175000760361|0580||T1019|||||20130416|000048.00|000202.56|||                                                                                                                                                                                                                                                                                                                                                                                                                                                        
175000760361|0580||T1019|||||20130418|000048.00|000202.56|||                                                                                                                                                                                                                                                                                                                                                                                                                                                        
175000760361|0580||T1019|||||20130419|000048.00|000202.56|||                                                                                                                                                                                                                                                                                                                                                                                                                                                        
175000760362|0580||T1019|||||20130413|000024.00|000101.28|||                                                                                                                                                                                                                                                                                                                                                                                                                                                        
175000760362|0580||T1019|||||20130414|000024.00|000101.28|||                                                                                                                                                                                                                                                                                                                                                                                                                                                        
175000760362|0580||T1019|||||20130415|000024.00|000101.28|||                                                                                                                                                                                                                                                                                                                                                                                                                                                        
175000760362|0580||T1019|||||20130416|000024.00|000101.28|||                                                                                                                                                                                                                                                                                                                                                                                                                                                        
175000760362|0580||T1019|||||20130417|000024.00|000101.28|||                                                                                                                                                                                                                                                                                                                                                                                                                                                        
175000760362|0580||T1019|||||20130418|000024.00|000101.28|||                                                                                                                                                                                                                                                                                                                                                                                                                                                        
175000760362|0580||T1019|||||20130419|000024.00|000101.28|||                                                                                                                                                                                                                                                                                                                                                                                                                                                        
175000760363|0580||T1019|||||20130416|000016.00|000067.52|||                                                                                                                                                                                                                                                                                                                                                                                                                                                        
175000760363|0580||T1019|||||20130418|000016.00|000067.52|||                                                                                                                                                                                                                                                                                                                                                                                                                                                        
175000760363|0580||T1019|||||20130419|000016.00|000067.52|||                                                                                                                                                                                                                                                                                                                                                                                                                                                        
175000760364|0580||T1019|||||20130413|000032.00|000135.04|||                                                                                                                                                                                                                                                                                                                                                                                                                                                        
175000760364|0580||T1019|||||20130414|000032.00|000135.04|||                                                                                                                                                                                                                                                                                                                                                                                                                                                        
175000760364|0580||T1019|||||20130415|000024.00|000101.28|||                                                                                                                                                                                                                                                                                                                                                                                                                                                        
175000760364|0580||T1019|||||20130416|000032.00|000135.04|||                                                                                                                                                                                                                                                                                                                                                                                                                                                        
175000760364|0580||T1019|||||20130417|000032.00|000135.04|||                                                                                                                                                                                                                                                                                                                                                                                                                                                        
175000760364|0580||T1019|||||20130418|000032.00|000135.04|||                                                                                                                                                                                                                                                                                                                                                                                                                                                        
175000760364|0580||T1019|||||20130419|000032.00|000135.04|||                                                                                                                                                                                                                                                                                                                                                                                                                                                        
175000760365|0580||T1019|||||20130415|000012.00|000050.64|||                                                                                                                                                                                                                                                                                                                                                                                                                                                        
175000760365|0580||T1019|||||20130416|000020.00|000084.40|||                                                                                                                                                                                                                                                                                                                                                                                                                                                        
175000760365|0580||T1019|||||20130417|000020.00|000084.40|||                                                                                                                                                                                                                                                                                                                                                                                                                                                        
175000760365|0580||T1019|||||20130418|000020.00|000084.40|||                                                                                                                                                                                                                                                                                                                                                                                                                                                        
175000760365|0580||T1019|||||20130419|000020.00|000084.40|||                                                                                                                                                                                                                                                                                                                                                                                                                                                        
175000760366|0580||T1019|||||20130413|000016.00|000067.52|||                                                                                                                                                                                                                                                                                                                                                                                                                                                        
175000760366|0580||T1019|||||20130414|000016.00|000067.52|||                                                                                                                                                                                                                                                                                                                                                                                                                                                        
175000760366|0580||T1019|||||20130415|000016.00|000067.52|||                                                                                                                                                                                                                                                                                                                                                                                                                                                        
175000760366|0580||T1019|||||20130416|000016.00|000067.52|||                                                                                                                                                                                                                                                                                                                                                                                                                                                        
175000760366|0580||T1019|||||20130417|000016.00|000067.52|||                                                                                                                                                                                                                                                                                                                                                                                                                                                        
175000760366|0580||T1019|||||20130418|000016.00|000067.52|||                                                                                                                                                                                                                                                                                                                                                                                                                                                        
175000760366|0580||T1019|||||20130419|000016.00|000067.52|||                                                                                                                                                                                                                                                                                                                                                                                                                                                        
175000760367|0580||T1019|||||20130417|000040.00|000168.80|||                                                                                                                                                                                                                                                                                                                                                                                                                                                        
175000760367|0580||T1019|||||20130418|000040.00|000168.80|||                                                                                                                                                                                                                                                                                                                                                                                                                                                        
175000760368|0580||T1019|||||20130415|000040.00|000168.80|||                                                                                                                                                                                                                                                                                                                                                                                                                                                        
175000760369|0580||T1019|||||20130416|000040.00|000168.80|||                                                                                                                                                                                                                                                                                                                                                                                                                                                        
175000760369|0580||T1019|||||20130417|000040.00|000168.80|||                                                                                                                                                                                                                                                                                                                                                                                                                                                        
175000760370|0580||T1019|||||20130419|000020.00|000084.40|||                                                                                                                                                                                                                                                                                                                                                                                                                                                        
175000760371|0580||T1019|||||20130415|000016.00|000067.52|||                                                                                                                                                                                                                                                                                                                                                                                                                                                        
175000760371|0580||T1019|||||20130416|000016.00|000067.52|||                                                                                                                                                                                                                                                                                                                                                                                                                                                        
175000760371|0580||T1019|||||20130417|000016.00|000067.52|||                                                                                                                                                                                                                                                                                                                                                                                                                                                        
175000760371|0580||T1019|||||20130418|000016.00|000067.52|||                                                                                                                                                                                                                                                                                                                                                                                                                                                        
175000760371|0580||T1019|||||20130419|000016.00|000067.52|||                                                                                                                                                                                                                                                                                                                                                                                                                                                        
175000760426|0580||T1019|||||20130413|000020.00|000084.40|||                                                                                                                                                                                                                                                                                                                                                                                                                                                        
175000760426|0580||T1019|||||20130418|000004.00|000016.88|||                                                                                                                                                                                                                                                                                                                                                                                                                                                        
175000760427|0582||S5130|||||20130228|000016.00|000067.52|||                                                                                                                                                                                                                                                                                                                                                                                                                                                        
175000760427|0582||S5130|||||20130418|000016.00|000067.52|||                                                                                                                                                                                                                                                                                                                                                                                                                                                        
175000760427|0582||S5130|||||20130419|000016.00|000067.52|||                                                                                                                                                                                                                                                                                                                                                                                                                                                        
175000760428|0580||T1019|||||20130413|000020.00|000084.40|||                                                                                                                                                                                                                                                                                                                                                                                                                                                        
175000760428|0580||T1019|||||20130414|000020.00|000084.40|||                                                                                                                                                                                                                                                                                                                                                                                                                                                        
175000760428|0580||T1019|||||20130415|000016.00|000067.52|||                                                                                                                                                                                                                                                                                                                                                                                                                                                        
175000760428|0580||T1019|||||20130416|000016.00|000067.52|||                                                                                                                                                                                                                                                                                                                                                                                                                                                        
175000760428|0580||T1019|||||20130417|000016.00|000067.52|||                                                                                                                                                                                                                                                                                                                                                                                                                                                        
175000760428|0580||T1019|||||20130418|000016.00|000067.52|||                                                                                                                                                                                                                                                                                                                                                                                                                                                        
175000760428|0580||T1019|||||20130419|000016.00|000067.52|||                                                                                                                                                                                                                                                                                                                                                                                                                                                        
175000760429|0580||T1019|||||20130413|000016.00|000067.52|||                                                                                                                                                                                                                                                                                                                                                                                                                                                        
175000760429|0580||T1019|||||20130414|000016.00|000067.52|||                                                                                                                                                                                                                                                                                                                                                                                                                                                        
175000760429|0580||T1019|||||20130415|000012.00|000050.64|||                                                                                                                                                                                                                                                                                                                                                                                                                                                        
175000760429|0580||T1019|||||20130416|000012.00|000050.64|||                                                                                                                                                                                                                                                                                                                                                                                                                                                        
175000760429|0580||T1019|||||20130417|000012.00|000050.64|||                                                                                                                                                                                                                                                                                                                                                                                                                                                        
175000760429|0580||T1019|||||20130418|000012.00|000050.64|||                                                                                                                                                                                                                                                                                                                                                                                                                                                        
175000760429|0580||T1019|||||20130419|000012.00|000050.64|||                                                                                                                                                                                                                                                                                                                                                                                                                                                        
175000760430|0580||T1019|||||20130415|000028.00|000105.00|||                                                                                                                                                                                                                                                                                                                                                                                                                                                        
175000760430|0580||T1019|||||20130416|000028.00|000105.00|||                                                                                                                                                                                                                                                                                                                                                                                                                                                        
175000760430|0580||T1019|||||20130417|000028.00|000105.00|||                                                                                                                                                                                                                                                                                                                                                                                                                                                        
175000760430|0580||T1019|||||20130418|000028.00|000105.00|||                                                                                                                                                                                                                                                                                                                                                                                                                                                        
175000760430|0580||T1019|||||20130419|000028.00|000105.00|||                                                                                                                                                                                                                                                                                                                                                                                                                                                        
175000760431|0580||T1019|||||20130415|000028.00|000105.00|||                                                                                                                                                                                                                                                                                                                                                                                                                                                        
175000760431|0580||T1019|||||20130416|000028.00|000105.00|||                                                                                                                                                                                                                                                                                                                                                                                                                                                        
175000760431|0580||T1019|||||20130417|000028.00|000105.00|||                                                                                                                                                                                                                                                                                                                                                                                                                                                        
175000760431|0580||T1019|||||20130418|000028.00|000105.00|||                                                                                                                                                                                                                                                                                                                                                                                                                                                        
175000760431|0580||T1019|||||20130419|000016.00|000060.00|||                                                                                                                                                                                                                                                                                                                                                                                                                                                        
175000760432|0580||T1019|||||20130415|000016.00|000060.00|||                                                                                                                                                                                                                                                                                                                                                                                                                                                        
175000760432|0580||T1019|||||20130416|000016.00|000060.00|||                                                                                                                                                                                                                                                                                                                                                                                                                                                        
175000760432|0580||T1019|||||20130417|000016.00|000060.00|||                                                                                                                                                                                                                                                                                                                                                                                                                                                        
175000760432|0580||T1019|||||20130418|000016.00|000060.00|||                                                                                                                                                                                                                                                                                                                                                                                                                                                        
175000760432|0580||T1019|||||20130419|000016.00|000060.00|||                                                                                                                                                                                                                                                                                                                                                                                                                                                        
175000760433|0580||T1019|||||20130413|000024.00|000090.00|||                                                                                                                                                                                                                                                                                                                                                                                                                                                        
175000760433|0580||T1019|||||20130415|000024.00|000090.00|||                                                                                                                                                                                                                                                                                                                                                                                                                                                        
175000760433|0580||T1019|||||20130416|000024.00|000090.00|||                                                                                                                                                                                                                                                                                                                                                                                                                                                        
175000760433|0580||T1019|||||20130417|000024.00|000090.00|||                                                                                                                                                                                                                                                                                                                                                                                                                                                        
175000760433|0580||T1019|||||20130418|000024.00|000090.00|||                                                                                                                                                                                                                                                                                                                                                                                                                                                        
175000760433|0580||T1019|||||20130419|000024.00|000090.00|||                                                                                                                                                                                                                                                                                                                                                                                                                                                        
175000760434|0580||T1019|||||20130415|000032.00|000120.00|||                                                                                                                                                                                                                                                                                                                                                                                                                                                        
175000760434|0580||T1019|||||20130416|000036.00|000135.00|||                                                                                                                                                                                                                                                                                                                                                                                                                                                        
175000760434|0580||T1019|||||20130417|000032.00|000120.00|||                                                                                                                                                                                                                                                                                                                                                                                                                                                        
175000760434|0580||T1019|||||20130418|000036.00|000135.00|||                                                                                                                                                                                                                                                                                                                                                                                                                                                        
175000760434|0580||T1019|||||20130419|000032.00|000120.00|||                                                                                                                                                                                                                                                                                                                                                                                                                                                        
175000760435|0580||T1019|||||20130415|000016.00|000060.00|||                                                                                                                                                                                                                                                                                                                                                                                                                                                        
175000760435|0580||T1019|||||20130416|000016.00|000060.00|||                                                                                                                                                                                                                                                                                                                                                                                                                                                        
175000760435|0580||T1019|||||20130417|000004.00|000015.00|||                                                                                                                                                                                                                                                                                                                                                                                                                                                        
175000760435|0580||T1019|||||20130418|000016.00|000060.00|||                                                                                                                                                                                                                                                                                                                                                                                                                                                        
175000760435|0580||T1019|||||20130419|000016.00|000060.00|||                                                                                                                                                                                                                                                                                                                                                                                                                                                        
175000760436|0580||T1019|||||20130415|000016.00|000060.00|||                                                                                                                                                                                                                                                                                                                                                                                                                                                        
175000760436|0580||T1019|||||20130416|000016.00|000060.00|||                                                                                                                                                                                                                                                                                                                                                                                                                                                        
175000760436|0580||T1019|||||20130417|000016.00|000060.00|||                                                                                                                                                                                                                                                                                                                                                                                                                                                        
175000760436|0580||T1019|||||20130418|000016.00|000060.00|||                                                                                                                                                                                                                                                                                                                                                                                                                                                        
175000760436|0580||T1019|||||20130419|000016.00|000060.00|||                                                                                                                                                                                                                                                                                                                                                                                                                                                        
175000760437|0580||T1019|||||20130415|000020.00|000075.00|||                                                                                                                                                                                                                                                                                                                                                                                                                                                        
175000760437|0580||T1019|||||20130416|000020.00|000075.00|||                                                                                                                                                                                                                                                                                                                                                                                                                                                        
175000760437|0580||T1019|||||20130417|000020.00|000075.00|||                                                                                                                                                                                                                                                                                                                                                                                                                                                        
175000760437|0580||T1019|||||20130418|000020.00|000075.00|||                                                                                                                                                                                                                                                                                                                                                                                                                                                        
175000760437|0580||T1019|||||20130419|000020.00|000075.00|||                                                                                                                                                                                                                                                                                                                                                                                                                                                        
175000760438|0580||T1019|||||20130413|000036.00|000151.92|||                                                                                                                                                                                                                                                                                                                                                                                                                                                        
175000760438|0580||T1019|||||20130414|000036.00|000151.92|||                                                                                                                                                                                                                                                                                                                                                                                                                                                        
175000760438|0580||T1019|||||20130415|000036.00|000151.92|||                                                                                                                                                                                                                                                                                                                                                                                                                                                        
175000760438|0580||T1019|||||20130416|000036.00|000151.92|||                                                                                                                                                                                                                                                                                                                                                                                                                                                        
175000760438|0580||T1019|||||20130417|000036.00|000151.92|||                                                                                                                                                                                                                                                                                                                                                                                                                                                        
175000760438|0580||T1019|||||20130418|000036.00|000151.92|||                                                                                                                                                                                                                                                                                                                                                                                                                                                        
175000760438|0580||T1019|||||20130419|000036.00|000151.92|||                                                                                                                                                                                                                                                                                                                                                                                                                                                        
175000760439|0580||T1019|||||20130415|000016.00|000067.52|||                                                                                                                                                                                                                                                                                                                                                                                                                                                        
175000760439|0580||T1019|||||20130416|000016.00|000067.52|||                                                                                                                                                                                                                                                                                                                                                                                                                                                        
175000760439|0580||T1019|||||20130417|000016.00|000067.52|||                                                                                                                                                                                                                                                                                                                                                                                                                                                        
175000760439|0580||T1019|||||20130418|000016.00|000067.52|||                                                                                                                                                                                                                                                                                                                                                                                                                                                        
175000760439|0580||T1019|||||20130419|000016.00|000067.52|||                                                                                                                                                                                                                                                                                                                                                                                                                                                        
175000760440|0580||T1019|||||20130415|000016.00|000067.52|||                                                                                                                                                                                                                                                                                                                                                                                                                                                        
175000760440|0580||T1019|||||20130416|000016.00|000067.52|||                                                                                                                                                                                                                                                                                                                                                                                                                                                        
175000760440|0580||T1019|||||20130417|000016.00|000067.52|||                                                                                                                                                                                                                                                                                                                                                                                                                                                        
175000760440|0580||T1019|||||20130418|000016.00|000067.52|||                                                                                                                                                                                                                                                                                                                                                                                                                                                        
175000760440|0580||T1019|||||20130419|000016.00|000067.52|||                                                                                                                                                                                                                                                                                                                                                                                                                                                        
175000760441|0580||T1019|||||20130416|000016.00|000067.52|||                                                                                                                                                                                                                                                                                                                                                                                                                                                        
175000760441|0580||T1019|||||20130417|000016.00|000067.52|||                                                                                                                                                                                                                                                                                                                                                                                                                                                        
175000760441|0580||T1019|||||20130418|000016.00|000067.52|||                                                                                                                                                                                                                                                                                                                                                                                                                                                        
175000760441|0580||T1019|||||20130419|000016.00|000067.52|||                                                                                                                                                                                                                                                                                                                                                                                                                                                        
175000760442|0570||T1019|1C||||20130415|000006.00|000098.40|||                                                                                                                                                                                                                                                                                                                                                                                                                                                      
175000760442|0570||T1019|1C||||20130416|000006.00|000098.40|||                                                                                                                                                                                                                                                                                                                                                                                                                                                      
175000760442|0570||T1019|1C||||20130417|000006.00|000098.40|||                                                                                                                                                                                                                                                                                                                                                                                                                                                      
175000760442|0570||T1019|1C||||20130418|000006.00|000098.40|||                                                                                                                                                                                                                                                                                                                                                                                                                                                      
175000760443|0570||T1019|1C||||20130413|000004.00|000065.60|||                                                                                                                                                                                                                                                                                                                                                                                                                                                      
175000760443|0570||T1019|1C||||20130414|000004.00|000065.60|||                                                                                                                                                                                                                                                                                                                                                                                                                                                      
175000760443|0570||T1019|1C||||20130415|000004.00|000065.60|||                                                                                                                                                                                                                                                                                                                                                                                                                                                      
175000760443|0570||T1019|1C||||20130416|000004.00|000065.60|||                                                                                                                                                                                                                                                                                                                                                                                                                                                      
175000760443|0570||T1019|1C||||20130417|000004.00|000065.60|||                                                                                                                                                                                                                                                                                                                                                                                                                                                      
175000760443|0570||T1019|1C||||20130418|000004.00|000065.60|||                                                                                                                                                                                                                                                                                                                                                                                                                                                      
175000760443|0570||T1019|1C||||20130419|000004.00|000065.60|||                                                                                                                                                                                                                                                                                                                                                                                                                                                      
175000760444|0570||T1019|1C||||20130415|000004.00|000065.60|||                                                                                                                                                                                                                                                                                                                                                                                                                                                      
175000760444|0570||T1019|1C||||20130416|000004.00|000065.60|||                                                                                                                                                                                                                                                                                                                                                                                                                                                      
175000760444|0570||T1019|1C||||20130417|000004.00|000065.60|||                                                                                                                                                                                                                                                                                                                                                                                                                                                      
175000760444|0570||T1019|1C||||20130418|000004.00|000065.60|||                                                                                                                                                                                                                                                                                                                                                                                                                                                      
175000760444|0570||T1019|1C||||20130419|000004.00|000065.60|||                                                                                                                                                                                                                                                                                                                                                                                                                                                      
175000760445|0570||T1019|1C||||20130415|000004.00|000065.60|||                                                                                                                                                                                                                                                                                                                                                                                                                                                      
175000760445|0570||T1019|1C||||20130416|000004.00|000065.60|||                                                                                                                                                                                                                                                                                                                                                                                                                                                      
175000760445|0570||T1019|1C||||20130417|000004.00|000065.60|||                                                                                                                                                                                                                                                                                                                                                                                                                                                      
175000760445|0570||T1019|1C||||20130418|000004.00|000065.60|||                                                                                                                                                                                                                                                                                                                                                                                                                                                      
175000760445|0570||T1019|1C||||20130419|000004.00|000065.60|||                                                                                                                                                                                                                                                                                                                                                                                                                                                      
175000760446|0570||T1019|1C||||20130401|000008.00|000131.20|||                                                                                                                                                                                                                                                                                                                                                                                                                                                      
175000760446|0570||T1019|1C||||20130402|000008.00|000131.20|||                                                                                                                                                                                                                                                                                                                                                                                                                                                      
175000760446|0570||T1019|1C||||20130413|000008.00|000131.20|||                                                                                                                                                                                                                                                                                                                                                                                                                                                      
175000760446|0570||T1019|1C||||20130414|000008.00|000131.20|||                                                                                                                                                                                                                                                                                                                                                                                                                                                      
175000760446|0570||T1019|1C||||20130415|000008.00|000131.20|||                                                                                                                                                                                                                                                                                                                                                                                                                                                      
175000760446|0570||T1019|1C||||20130416|000008.00|000131.20|||                                                                                                                                                                                                                                                                                                                                                                                                                                                      
175000760446|0570||T1019|1C||||20130417|000008.00|000131.20|||                                                                                                                                                                                                                                                                                                                                                                                                                                                      
175000760446|0570||T1019|1C||||20130418|000008.00|000131.20|||                                                                                                                                                                                                                                                                                                                                                                                                                                                      
175000760446|0570||T1019|1C||||20130419|000008.00|000131.20|||                                                                                                                                                                                                                                                                                                                                                                                                                                                      
