175001106452|0580||T1019|||||20130615|000048.00|000202.56|||                                                                                                                                                                                                                                                                                                                                                                                                                                                        
175001106452|0580||T1019|||||20130616|000048.00|000202.56|||                                                                                                                                                                                                                                                                                                                                                                                                                                                        
175001106452|0580||T1019|||||20130617|000048.00|000202.56|||                                                                                                                                                                                                                                                                                                                                                                                                                                                        
175001106452|0580||T1019|||||20130618|000048.00|000202.56|||                                                                                                                                                                                                                                                                                                                                                                                                                                                        
175001106452|0580||T1019|||||20130619|000048.00|000202.56|||                                                                                                                                                                                                                                                                                                                                                                                                                                                        
175001106452|0580||T1019|||||20130620|000048.00|000202.56|||                                                                                                                                                                                                                                                                                                                                                                                                                                                        
175001106452|0580||T1019|||||20130621|000048.00|000202.56|||                                                                                                                                                                                                                                                                                                                                                                                                                                                        
175001106453|0580||T1019|||||20130615|000048.00|000202.56|||                                                                                                                                                                                                                                                                                                                                                                                                                                                        
175001106453|0580||T1019|||||20130616|000048.00|000202.56|||                                                                                                                                                                                                                                                                                                                                                                                                                                                        
175001106453|0580||T1019|||||20130617|000048.00|000202.56|||                                                                                                                                                                                                                                                                                                                                                                                                                                                        
175001106453|0580||T1019|||||20130618|000048.00|000202.56|||                                                                                                                                                                                                                                                                                                                                                                                                                                                        
175001106453|0580||T1019|||||20130619|000048.00|000202.56|||                                                                                                                                                                                                                                                                                                                                                                                                                                                        
175001106453|0580||T1019|||||20130620|000048.00|000202.56|||                                                                                                                                                                                                                                                                                                                                                                                                                                                        
175001106453|0580||T1019|||||20130621|000048.00|000202.56|||                                                                                                                                                                                                                                                                                                                                                                                                                                                        
175001106454|0580||T1019|||||20130617|000016.00|000067.52|||                                                                                                                                                                                                                                                                                                                                                                                                                                                        
175001106454|0580||T1019|||||20130618|000016.00|000067.52|||                                                                                                                                                                                                                                                                                                                                                                                                                                                        
175001106454|0580||T1019|||||20130619|000016.00|000067.52|||                                                                                                                                                                                                                                                                                                                                                                                                                                                        
175001106454|0580||T1019|||||20130620|000016.00|000067.52|||                                                                                                                                                                                                                                                                                                                                                                                                                                                        
175001106454|0580||T1019|||||20130621|000016.00|000067.52|||                                                                                                                                                                                                                                                                                                                                                                                                                                                        
175001106455|0580||T1019|||||20130615|000036.00|000151.92|||                                                                                                                                                                                                                                                                                                                                                                                                                                                        
175001106455|0580||T1019|||||20130616|000036.00|000151.92|||                                                                                                                                                                                                                                                                                                                                                                                                                                                        
175001106455|0580||T1019|||||20130617|000036.00|000151.92|||                                                                                                                                                                                                                                                                                                                                                                                                                                                        
175001106455|0580||T1019|||||20130618|000036.00|000151.92|||                                                                                                                                                                                                                                                                                                                                                                                                                                                        
175001106455|0580||T1019|||||20130619|000036.00|000151.92|||                                                                                                                                                                                                                                                                                                                                                                                                                                                        
175001106455|0580||T1019|||||20130620|000036.00|000151.92|||                                                                                                                                                                                                                                                                                                                                                                                                                                                        
175001106455|0580||T1019|||||20130621|000036.00|000151.92|||                                                                                                                                                                                                                                                                                                                                                                                                                                                        
175001106456|0580||T1019|||||20130615|000028.00|000118.16|||                                                                                                                                                                                                                                                                                                                                                                                                                                                        
175001106456|0580||T1019|||||20130616|000028.00|000118.16|||                                                                                                                                                                                                                                                                                                                                                                                                                                                        
175001106456|0580||T1019|||||20130617|000028.00|000118.16|||                                                                                                                                                                                                                                                                                                                                                                                                                                                        
175001106456|0580||T1019|||||20130618|000028.00|000118.16|||                                                                                                                                                                                                                                                                                                                                                                                                                                                        
175001106456|0580||T1019|||||20130619|000028.00|000118.16|||                                                                                                                                                                                                                                                                                                                                                                                                                                                        
175001106456|0580||T1019|||||20130620|000028.00|000118.16|||                                                                                                                                                                                                                                                                                                                                                                                                                                                        
175001106456|0580||T1019|||||20130621|000028.00|000118.16|||                                                                                                                                                                                                                                                                                                                                                                                                                                                        
175001106457|0580||T1019|||||20130615|000048.00|000202.56|||                                                                                                                                                                                                                                                                                                                                                                                                                                                        
175001106457|0580||T1019|||||20130616|000048.00|000202.56|||                                                                                                                                                                                                                                                                                                                                                                                                                                                        
175001106457|0580||T1019|||||20130617|000044.00|000185.68|||                                                                                                                                                                                                                                                                                                                                                                                                                                                        
175001106457|0580||T1019|||||20130618|000048.00|000202.56|||                                                                                                                                                                                                                                                                                                                                                                                                                                                        
175001106457|0580||T1019|||||20130619|000048.00|000202.56|||                                                                                                                                                                                                                                                                                                                                                                                                                                                        
175001106457|0580||T1019|||||20130620|000048.00|000202.56|||                                                                                                                                                                                                                                                                                                                                                                                                                                                        
175001106458|0580||T1019|||||20130617|000024.00|000101.28|||                                                                                                                                                                                                                                                                                                                                                                                                                                                        
175001106458|0580||T1019|||||20130618|000024.00|000101.28|||                                                                                                                                                                                                                                                                                                                                                                                                                                                        
175001106458|0580||T1019|||||20130619|000024.00|000101.28|||                                                                                                                                                                                                                                                                                                                                                                                                                                                        
175001106459|0580||T1019|||||20130617|000016.00|000067.52|||                                                                                                                                                                                                                                                                                                                                                                                                                                                        
175001106459|0580||T1019|||||20130619|000016.00|000067.52|||                                                                                                                                                                                                                                                                                                                                                                                                                                                        
175001106459|0580||T1019|||||20130621|000016.00|000067.52|||                                                                                                                                                                                                                                                                                                                                                                                                                                                        
175001106460|0580||T1019|||||20130618|000016.00|000067.52|||                                                                                                                                                                                                                                                                                                                                                                                                                                                        
175001106461|0580||T1019|||||20130615|000032.00|000135.04|||                                                                                                                                                                                                                                                                                                                                                                                                                                                        
175001106461|0580||T1019|||||20130616|000032.00|000135.04|||                                                                                                                                                                                                                                                                                                                                                                                                                                                        
175001106461|0580||T1019|||||20130617|000032.00|000135.04|||                                                                                                                                                                                                                                                                                                                                                                                                                                                        
175001106461|0580||T1019|||||20130619|000032.00|000135.04|||                                                                                                                                                                                                                                                                                                                                                                                                                                                        
175001106461|0580||T1019|||||20130620|000032.00|000135.04|||                                                                                                                                                                                                                                                                                                                                                                                                                                                        
175001106461|0580||T1019|||||20130621|000032.00|000135.04|||                                                                                                                                                                                                                                                                                                                                                                                                                                                        
175001106462|0580||T1019|||||20130615|000016.00|000067.52|||                                                                                                                                                                                                                                                                                                                                                                                                                                                        
175001106463|0580||T1019|||||20130616|000016.00|000067.52|||                                                                                                                                                                                                                                                                                                                                                                                                                                                        
175001106463|0580||T1019|||||20130617|000016.00|000067.52|||                                                                                                                                                                                                                                                                                                                                                                                                                                                        
175001106463|0580||T1019|||||20130618|000016.00|000067.52|||                                                                                                                                                                                                                                                                                                                                                                                                                                                        
175001106463|0580||T1019|||||20130619|000016.00|000067.52|||                                                                                                                                                                                                                                                                                                                                                                                                                                                        
175001106463|0580||T1019|||||20130620|000016.00|000067.52|||                                                                                                                                                                                                                                                                                                                                                                                                                                                        
175001106463|0580||T1019|||||20130621|000016.00|000067.52|||                                                                                                                                                                                                                                                                                                                                                                                                                                                        
175001106464|0580||T1019|||||20130619|000036.00|000151.92|||                                                                                                                                                                                                                                                                                                                                                                                                                                                        
175001106464|0580||T1019|||||20130620|000040.00|000168.80|||                                                                                                                                                                                                                                                                                                                                                                                                                                                        
175001106465|0580||T1019|||||20130617|000040.00|000168.80|||                                                                                                                                                                                                                                                                                                                                                                                                                                                        
175001106465|0580||T1019|||||20130618|000040.00|000168.80|||                                                                                                                                                                                                                                                                                                                                                                                                                                                        
175001106465|0580||T1019|||||20130619|000040.00|000168.80|||                                                                                                                                                                                                                                                                                                                                                                                                                                                        
175001106465|0580||T1019|||||20130620|000040.00|000168.80|||                                                                                                                                                                                                                                                                                                                                                                                                                                                        
175001106466|0580||T1019|||||20130617|000016.00|000067.52|||                                                                                                                                                                                                                                                                                                                                                                                                                                                        
175001106466|0580||T1019|||||20130618|000016.00|000067.52|||                                                                                                                                                                                                                                                                                                                                                                                                                                                        
175001106466|0580||T1019|||||20130619|000016.00|000067.52|||                                                                                                                                                                                                                                                                                                                                                                                                                                                        
175001106466|0580||T1019|||||20130620|000016.00|000067.52|||                                                                                                                                                                                                                                                                                                                                                                                                                                                        
175001106466|0580||T1019|||||20130621|000016.00|000067.52|||                                                                                                                                                                                                                                                                                                                                                                                                                                                        
175001106521|0580||T1019|||||20130617|000020.00|000084.40|||                                                                                                                                                                                                                                                                                                                                                                                                                                                        
175001106521|0580||T1019|||||20130619|000020.00|000084.40|||                                                                                                                                                                                                                                                                                                                                                                                                                                                        
175001106521|0580||T1019|||||20130620|000020.00|000084.40|||                                                                                                                                                                                                                                                                                                                                                                                                                                                        
175001106521|0580||T1019|||||20130621|000020.00|000084.40|||                                                                                                                                                                                                                                                                                                                                                                                                                                                        
175001106522|0580||T1019|||||20130615|000040.00|000168.80|||                                                                                                                                                                                                                                                                                                                                                                                                                                                        
175001106522|0580||T1019|||||20130616|000040.00|000168.80|||                                                                                                                                                                                                                                                                                                                                                                                                                                                        
175001106522|0580||T1019|||||20130617|000032.00|000135.04|||                                                                                                                                                                                                                                                                                                                                                                                                                                                        
175001106522|0580||T1019|||||20130618|000032.00|000135.04|||                                                                                                                                                                                                                                                                                                                                                                                                                                                        
175001106522|0580||T1019|||||20130619|000032.00|000135.04|||                                                                                                                                                                                                                                                                                                                                                                                                                                                        
175001106522|0580||T1019|||||20130620|000032.00|000135.04|||                                                                                                                                                                                                                                                                                                                                                                                                                                                        
175001106522|0580||T1019|||||20130621|000032.00|000135.04|||                                                                                                                                                                                                                                                                                                                                                                                                                                                        
175001106523|0582||S5130|||||20130620|000016.00|000067.52|||                                                                                                                                                                                                                                                                                                                                                                                                                                                        
175001106523|0582||S5130|||||20130621|000016.00|000067.52|||                                                                                                                                                                                                                                                                                                                                                                                                                                                        
175001106524|0580||T1019|||||20130617|000028.00|000105.00|||                                                                                                                                                                                                                                                                                                                                                                                                                                                        
175001106524|0580||T1019|||||20130618|000028.00|000105.00|||                                                                                                                                                                                                                                                                                                                                                                                                                                                        
175001106524|0580||T1019|||||20130619|000028.00|000105.00|||                                                                                                                                                                                                                                                                                                                                                                                                                                                        
175001106524|0580||T1019|||||20130620|000028.00|000105.00|||                                                                                                                                                                                                                                                                                                                                                                                                                                                        
175001106524|0580||T1019|||||20130621|000016.00|000060.00|||                                                                                                                                                                                                                                                                                                                                                                                                                                                        
175001106525|0580||T1019|||||20130617|000024.00|000090.00|||                                                                                                                                                                                                                                                                                                                                                                                                                                                        
175001106525|0580||T1019|||||20130618|000024.00|000090.00|||                                                                                                                                                                                                                                                                                                                                                                                                                                                        
175001106525|0580||T1019|||||20130619|000024.00|000090.00|||                                                                                                                                                                                                                                                                                                                                                                                                                                                        
175001106525|0580||T1019|||||20130620|000024.00|000090.00|||                                                                                                                                                                                                                                                                                                                                                                                                                                                        
175001106525|0580||T1019|||||20130621|000024.00|000090.00|||                                                                                                                                                                                                                                                                                                                                                                                                                                                        
175001106526|0580||T1019|||||20130528|000024.00|000090.00|||                                                                                                                                                                                                                                                                                                                                                                                                                                                        
175001106526|0580||T1019|||||20130529|000024.00|000090.00|||                                                                                                                                                                                                                                                                                                                                                                                                                                                        
175001106527|0580||T1019|||||20130615|000024.00|000090.00|||                                                                                                                                                                                                                                                                                                                                                                                                                                                        
175001106527|0580||T1019|||||20130617|000024.00|000090.00|||                                                                                                                                                                                                                                                                                                                                                                                                                                                        
175001106527|0580||T1019|||||20130618|000024.00|000090.00|||                                                                                                                                                                                                                                                                                                                                                                                                                                                        
175001106527|0580||T1019|||||20130619|000024.00|000090.00|||                                                                                                                                                                                                                                                                                                                                                                                                                                                        
175001106527|0580||T1019|||||20130620|000024.00|000090.00|||                                                                                                                                                                                                                                                                                                                                                                                                                                                        
175001106527|0580||T1019|||||20130621|000024.00|000090.00|||                                                                                                                                                                                                                                                                                                                                                                                                                                                        
175001106528|0580||T1019|||||20130617|000032.00|000120.00|||                                                                                                                                                                                                                                                                                                                                                                                                                                                        
175001106528|0580||T1019|||||20130618|000036.00|000135.00|||                                                                                                                                                                                                                                                                                                                                                                                                                                                        
175001106528|0580||T1019|||||20130619|000032.00|000120.00|||                                                                                                                                                                                                                                                                                                                                                                                                                                                        
175001106528|0580||T1019|||||20130620|000036.00|000135.00|||                                                                                                                                                                                                                                                                                                                                                                                                                                                        
175001106528|0580||T1019|||||20130621|000032.00|000120.00|||                                                                                                                                                                                                                                                                                                                                                                                                                                                        
175001106529|0580||T1019|||||20130617|000016.00|000060.00|||                                                                                                                                                                                                                                                                                                                                                                                                                                                        
175001106529|0580||T1019|||||20130618|000016.00|000060.00|||                                                                                                                                                                                                                                                                                                                                                                                                                                                        
175001106529|0580||T1019|||||20130619|000016.00|000060.00|||                                                                                                                                                                                                                                                                                                                                                                                                                                                        
175001106529|0580||T1019|||||20130620|000016.00|000060.00|||                                                                                                                                                                                                                                                                                                                                                                                                                                                        
175001106529|0580||T1019|||||20130621|000016.00|000060.00|||                                                                                                                                                                                                                                                                                                                                                                                                                                                        
175001106530|0580||T1019|||||20130617|000016.00|000060.00|||                                                                                                                                                                                                                                                                                                                                                                                                                                                        
175001106530|0580||T1019|||||20130618|000016.00|000060.00|||                                                                                                                                                                                                                                                                                                                                                                                                                                                        
175001106530|0580||T1019|||||20130619|000016.00|000060.00|||                                                                                                                                                                                                                                                                                                                                                                                                                                                        
175001106530|0580||T1019|||||20130620|000016.00|000060.00|||                                                                                                                                                                                                                                                                                                                                                                                                                                                        
175001106530|0580||T1019|||||20130621|000016.00|000060.00|||                                                                                                                                                                                                                                                                                                                                                                                                                                                        
175001106531|0580||T1019|||||20130617|000020.00|000075.00|||                                                                                                                                                                                                                                                                                                                                                                                                                                                        
175001106531|0580||T1019|||||20130618|000020.00|000075.00|||                                                                                                                                                                                                                                                                                                                                                                                                                                                        
175001106531|0580||T1019|||||20130619|000020.00|000075.00|||                                                                                                                                                                                                                                                                                                                                                                                                                                                        
175001106531|0580||T1019|||||20130620|000020.00|000075.00|||                                                                                                                                                                                                                                                                                                                                                                                                                                                        
175001106531|0580||T1019|||||20130621|000020.00|000075.00|||                                                                                                                                                                                                                                                                                                                                                                                                                                                        
175001106532|0580||T1019|||||20130615|000036.00|000151.92|||                                                                                                                                                                                                                                                                                                                                                                                                                                                        
175001106532|0580||T1019|||||20130616|000036.00|000151.92|||                                                                                                                                                                                                                                                                                                                                                                                                                                                        
175001106532|0580||T1019|||||20130617|000024.00|000101.28|||                                                                                                                                                                                                                                                                                                                                                                                                                                                        
175001106532|0580||T1019|||||20130618|000036.00|000151.92|||                                                                                                                                                                                                                                                                                                                                                                                                                                                        
175001106532|0580||T1019|||||20130619|000036.00|000151.92|||                                                                                                                                                                                                                                                                                                                                                                                                                                                        
175001106532|0580||T1019|||||20130620|000036.00|000151.92|||                                                                                                                                                                                                                                                                                                                                                                                                                                                        
175001106532|0580||T1019|||||20130621|000036.00|000151.92|||                                                                                                                                                                                                                                                                                                                                                                                                                                                        
175001106533|0580||T1019|||||20130610|000016.00|000067.52|||                                                                                                                                                                                                                                                                                                                                                                                                                                                        
175001106533|0580||T1019|||||20130611|000016.00|000067.52|||                                                                                                                                                                                                                                                                                                                                                                                                                                                        
175001106533|0580||T1019|||||20130612|000016.00|000067.52|||                                                                                                                                                                                                                                                                                                                                                                                                                                                        
175001106533|0580||T1019|||||20130613|000016.00|000067.52|||                                                                                                                                                                                                                                                                                                                                                                                                                                                        
175001106533|0580||T1019|||||20130614|000016.00|000067.52|||                                                                                                                                                                                                                                                                                                                                                                                                                                                        
175001106533|0580||T1019|||||20130617|000016.00|000067.52|||                                                                                                                                                                                                                                                                                                                                                                                                                                                        
175001106533|0580||T1019|||||20130618|000016.00|000067.52|||                                                                                                                                                                                                                                                                                                                                                                                                                                                        
175001106533|0580||T1019|||||20130619|000016.00|000067.52|||                                                                                                                                                                                                                                                                                                                                                                                                                                                        
175001106533|0580||T1019|||||20130620|000016.00|000067.52|||                                                                                                                                                                                                                                                                                                                                                                                                                                                        
175001106533|0580||T1019|||||20130621|000016.00|000067.52|||                                                                                                                                                                                                                                                                                                                                                                                                                                                        
175001106534|0580||T1019|||||20130618|000016.00|000067.52|||                                                                                                                                                                                                                                                                                                                                                                                                                                                        
175001106534|0580||T1019|||||20130619|000016.00|000067.52|||                                                                                                                                                                                                                                                                                                                                                                                                                                                        
175001106534|0580||T1019|||||20130620|000016.00|000067.52|||                                                                                                                                                                                                                                                                                                                                                                                                                                                        
175001106534|0580||T1019|||||20130621|000016.00|000067.52|||                                                                                                                                                                                                                                                                                                                                                                                                                                                        
175001106535|0580||T1019|1C||||20130617|000006.00|000098.40|||                                                                                                                                                                                                                                                                                                                                                                                                                                                      
175001106535|0580||T1019|1C||||20130618|000006.00|000098.40|||                                                                                                                                                                                                                                                                                                                                                                                                                                                      
175001106535|0580||T1019|1C||||20130619|000006.00|000098.40|||                                                                                                                                                                                                                                                                                                                                                                                                                                                      
175001106535|0580||T1019|1C||||20130620|000006.00|000098.40|||                                                                                                                                                                                                                                                                                                                                                                                                                                                      
175001106535|0580||T1019|1C||||20130621|000006.00|000098.40|||                                                                                                                                                                                                                                                                                                                                                                                                                                                      
175001106536|0580||T1019|1C||||20130615|000004.00|000065.60|||                                                                                                                                                                                                                                                                                                                                                                                                                                                      
175001106536|0580||T1019|1C||||20130616|000003.75|000061.50|||                                                                                                                                                                                                                                                                                                                                                                                                                                                      
175001106536|0580||T1019|1C||||20130617|000004.00|000065.60|||                                                                                                                                                                                                                                                                                                                                                                                                                                                      
175001106536|0580||T1019|1C||||20130618|000004.00|000065.60|||                                                                                                                                                                                                                                                                                                                                                                                                                                                      
175001106536|0580||T1019|1C||||20130619|000004.00|000065.60|||                                                                                                                                                                                                                                                                                                                                                                                                                                                      
175001106536|0580||T1019|1C||||20130620|000004.00|000065.60|||                                                                                                                                                                                                                                                                                                                                                                                                                                                      
175001106536|0580||T1019|1C||||20130621|000004.00|000065.60|||                                                                                                                                                                                                                                                                                                                                                                                                                                                      
175001106537|0580||T1019|1C||||20130617|000004.00|000065.60|||                                                                                                                                                                                                                                                                                                                                                                                                                                                      
175001106537|0580||T1019|1C||||20130618|000004.00|000065.60|||                                                                                                                                                                                                                                                                                                                                                                                                                                                      
175001106537|0580||T1019|1C||||20130619|000004.00|000065.60|||                                                                                                                                                                                                                                                                                                                                                                                                                                                      
175001106537|0580||T1019|1C||||20130620|000004.00|000065.60|||                                                                                                                                                                                                                                                                                                                                                                                                                                                      
175001106537|0580||T1019|1C||||20130621|000004.00|000065.60|||                                                                                                                                                                                                                                                                                                                                                                                                                                                      
175001106538|0580||T1019|1C||||20130617|000006.00|000098.40|||                                                                                                                                                                                                                                                                                                                                                                                                                                                      
175001106538|0580||T1019|1C||||20130618|000006.00|000098.40|||                                                                                                                                                                                                                                                                                                                                                                                                                                                      
175001106538|0580||T1019|1C||||20130619|000006.00|000098.40|||                                                                                                                                                                                                                                                                                                                                                                                                                                                      
175001106538|0580||T1019|1C||||20130620|000006.00|000098.40|||                                                                                                                                                                                                                                                                                                                                                                                                                                                      
175001106538|0580||T1019|1C||||20130621|000006.00|000098.40|||                                                                                                                                                                                                                                                                                                                                                                                                                                                      
175001106539|0580||T1019|1C||||20130615|000023.00|000377.20|||                                                                                                                                                                                                                                                                                                                                                                                                                                                      
175001106539|0580||T1019|1C||||20130616|000024.00|000393.60|||                                                                                                                                                                                                                                                                                                                                                                                                                                                      
175001106539|0580||T1019|1C||||20130617|000024.00|000393.60|||                                                                                                                                                                                                                                                                                                                                                                                                                                                      
175001106539|0580||T1019|1C||||20130618|000023.50|000385.40|||                                                                                                                                                                                                                                                                                                                                                                                                                                                      
175001106539|0580||T1019|1C||||20130619|000022.25|000364.90|||                                                                                                                                                                                                                                                                                                                                                                                                                                                      
175001106539|0580||T1019|1C||||20130620|000024.00|000393.60|||                                                                                                                                                                                                                                                                                                                                                                                                                                                      
175001106539|0580||T1019|1C||||20130621|000011.00|000180.40|||                                                                                                                                                                                                                                                                                                                                                                                                                                                      
175001106540|0580||T1019|1C||||20130615|000012.00|000196.80|||                                                                                                                                                                                                                                                                                                                                                                                                                                                      
175001106540|0580||T1019|1C||||20130616|000012.00|000196.80|||                                                                                                                                                                                                                                                                                                                                                                                                                                                      
175001106540|0580||T1019|1C||||20130617|000012.00|000196.80|||                                                                                                                                                                                                                                                                                                                                                                                                                                                      
175001106540|0580||T1019|1C||||20130618|000012.00|000196.80|||                                                                                                                                                                                                                                                                                                                                                                                                                                                      
175001106540|0580||T1019|1C||||20130619|000012.00|000196.80|||                                                                                                                                                                                                                                                                                                                                                                                                                                                      
175001106540|0580||T1019|1C||||20130620|000012.00|000196.80|||                                                                                                                                                                                                                                                                                                                                                                                                                                                      
175001106540|0580||T1019|1C||||20130621|000012.00|000196.80|||                                                                                                                                                                                                                                                                                                                                                                                                                                                      
175001106541|0580||T1019|1C||||20130615|000012.00|000196.80|||                                                                                                                                                                                                                                                                                                                                                                                                                                                      
175001106541|0580||T1019|1C||||20130616|000012.00|000196.80|||                                                                                                                                                                                                                                                                                                                                                                                                                                                      
175001106541|0580||T1019|1C||||20130617|000011.00|000180.40|||                                                                                                                                                                                                                                                                                                                                                                                                                                                      
175001106541|0580||T1019|1C||||20130618|000012.00|000196.80|||                                                                                                                                                                                                                                                                                                                                                                                                                                                      
175001106541|0580||T1019|1C||||20130619|000012.00|000196.80|||                                                                                                                                                                                                                                                                                                                                                                                                                                                      
175001106541|0580||T1019|1C||||20130620|000010.50|000172.20|||                                                                                                                                                                                                                                                                                                                                                                                                                                                      
175001106541|0580||T1019|1C||||20130621|000010.75|000176.30|||                                                                                                                                                                                                                                                                                                                                                                                                                                                      
175001106542|0580||T1019|1C||||20130615|000008.00|000131.20|||                                                                                                                                                                                                                                                                                                                                                                                                                                                      
175001106542|0580||T1019|1C||||20130616|000008.00|000131.20|||                                                                                                                                                                                                                                                                                                                                                                                                                                                      
175001106542|0580||T1019|1C||||20130617|000008.00|000131.20|||                                                                                                                                                                                                                                                                                                                                                                                                                                                      
175001106542|0580||T1019|1C||||20130618|000008.00|000131.20|||                                                                                                                                                                                                                                                                                                                                                                                                                                                      
175001106542|0580||T1019|1C||||20130619|000008.00|000131.20|||                                                                                                                                                                                                                                                                                                                                                                                                                                                      
175001106542|0580||T1019|1C||||20130620|000012.00|000196.80|||                                                                                                                                                                                                                                                                                                                                                                                                                                                      
175001106542|0580||T1019|1C||||20130621|000008.00|000131.20|||                                                                                                                                                                                                                                                                                                                                                                                                                                                      
