175000771717|0580||T1019|||||20130408|000024.00|000101.28|||                                                                                                                                                                                                                                                                                                                                                                                                                                                        
175000771717|0580||T1019|||||20130409|000024.00|000101.28|||                                                                                                                                                                                                                                                                                                                                                                                                                                                        
175000771717|0580||T1019|||||20130410|000024.00|000101.28|||                                                                                                                                                                                                                                                                                                                                                                                                                                                        
175000771717|0580||T1019|||||20130411|000024.00|000101.28|||                                                                                                                                                                                                                                                                                                                                                                                                                                                        
175000771717|0580||T1019|||||20130412|000024.00|000101.28|||                                                                                                                                                                                                                                                                                                                                                                                                                                                        
175000771718|0580||T1019|||||20130406|000024.00|000101.28|||                                                                                                                                                                                                                                                                                                                                                                                                                                                        
175000771718|0580||T1019|||||20130407|000024.00|000101.28|||                                                                                                                                                                                                                                                                                                                                                                                                                                                        
175000771718|0580||T1019|||||20130408|000024.00|000101.28|||                                                                                                                                                                                                                                                                                                                                                                                                                                                        
175000771718|0580||T1019|||||20130410|000024.00|000101.28|||                                                                                                                                                                                                                                                                                                                                                                                                                                                        
175000771718|0580||T1019|||||20130411|000024.00|000101.28|||                                                                                                                                                                                                                                                                                                                                                                                                                                                        
175000771718|0580||T1019|||||20130412|000024.00|000101.28|||                                                                                                                                                                                                                                                                                                                                                                                                                                                        
175000771719|0580||T1019|||||20130408|000040.00|000168.80|||                                                                                                                                                                                                                                                                                                                                                                                                                                                        
175000771719|0580||T1019|||||20130409|000040.00|000168.80|||                                                                                                                                                                                                                                                                                                                                                                                                                                                        
175000771719|0580||T1019|||||20130410|000040.00|000168.80|||                                                                                                                                                                                                                                                                                                                                                                                                                                                        
175000771719|0580||T1019|||||20130411|000040.00|000168.80|||                                                                                                                                                                                                                                                                                                                                                                                                                                                        
175000771720|0580||T1019|||||20130401|000016.00|000060.00|||                                                                                                                                                                                                                                                                                                                                                                                                                                                        
175000771720|0580||T1019|||||20130402|000016.00|000060.00|||                                                                                                                                                                                                                                                                                                                                                                                                                                                        
175000771720|0580||T1019|||||20130403|000016.00|000060.00|||                                                                                                                                                                                                                                                                                                                                                                                                                                                        
175000771720|0580||T1019|||||20130404|000016.00|000060.00|||                                                                                                                                                                                                                                                                                                                                                                                                                                                        
175000771720|0580||T1019|||||20130405|000016.00|000060.00|||                                                                                                                                                                                                                                                                                                                                                                                                                                                        
175000771720|0580||T1019|||||20130408|000016.00|000060.00|||                                                                                                                                                                                                                                                                                                                                                                                                                                                        
175000771720|0580||T1019|||||20130409|000016.00|000060.00|||                                                                                                                                                                                                                                                                                                                                                                                                                                                        
175000771720|0580||T1019|||||20130410|000016.00|000060.00|||                                                                                                                                                                                                                                                                                                                                                                                                                                                        
175000771720|0580||T1019|||||20130411|000016.00|000060.00|||                                                                                                                                                                                                                                                                                                                                                                                                                                                        
175000771720|0580||T1019|||||20130412|000016.00|000060.00|||                                                                                                                                                                                                                                                                                                                                                                                                                                                        
