175000505263|0580||T1019|||||20121224|000020.00|000070.00|||                                                                                                                                                                                                                                                                                                                                                                                                                                                        
175000505263|0580||T1019|||||20121226|000020.00|000070.00|||                                                                                                                                                                                                                                                                                                                                                                                                                                                        
175000505263|0580||T1019|||||20121227|000020.00|000070.00|||                                                                                                                                                                                                                                                                                                                                                                                                                                                        
175000505263|0580||T1019|||||20121228|000020.00|000070.00|||                                                                                                                                                                                                                                                                                                                                                                                                                                                        
175000505264|0580||T1019|||||20121222|000048.00|000168.00|||                                                                                                                                                                                                                                                                                                                                                                                                                                                        
175000505264|0580||T1019|||||20121223|000048.00|000168.00|||                                                                                                                                                                                                                                                                                                                                                                                                                                                        
175000505264|0580||T1019|||||20121224|000048.00|000168.00|||                                                                                                                                                                                                                                                                                                                                                                                                                                                        
175000505264|0580||T1019|||||20121225|000048.00|000168.00|||                                                                                                                                                                                                                                                                                                                                                                                                                                                        
175000505264|0580||T1019|||||20121226|000048.00|000168.00|||                                                                                                                                                                                                                                                                                                                                                                                                                                                        
175000505264|0580||T1019|||||20121227|000048.00|000168.00|||                                                                                                                                                                                                                                                                                                                                                                                                                                                        
175000505264|0580||T1019|||||20121228|000048.00|000168.00|||                                                                                                                                                                                                                                                                                                                                                                                                                                                        
175000505265|0572||G0156|||||20121222|000007.00|000099.75|||                                                                                                                                                                                                                                                                                                                                                                                                                                                        
175000505265|0572||G0156|||||20121223|000007.00|000099.75|||                                                                                                                                                                                                                                                                                                                                                                                                                                                        
175000505265|0572||G0156|||||20121224|000007.00|000099.75|||                                                                                                                                                                                                                                                                                                                                                                                                                                                        
175000505265|0572||G0156|||||20121225|000007.00|000099.75|||                                                                                                                                                                                                                                                                                                                                                                                                                                                        
175000505265|0572||G0156|||||20121226|000008.00|000114.00|||                                                                                                                                                                                                                                                                                                                                                                                                                                                        
175000505265|0572||G0156|||||20121227|000008.00|000114.00|||                                                                                                                                                                                                                                                                                                                                                                                                                                                        
175000505265|0572||G0156|||||20121228|000008.00|000114.00|||                                                                                                                                                                                                                                                                                                                                                                                                                                                        
175000505266|0572||G0156|||||20121222|000012.00|000171.00|||                                                                                                                                                                                                                                                                                                                                                                                                                                                        
175000505266|0572||G0156|||||20121224|000012.00|000171.00|||                                                                                                                                                                                                                                                                                                                                                                                                                                                        
175000505266|0572||G0156|||||20121225|000012.00|000171.00|||                                                                                                                                                                                                                                                                                                                                                                                                                                                        
175000505266|0572||G0156|||||20121226|000012.00|000171.00|||                                                                                                                                                                                                                                                                                                                                                                                                                                                        
175000505266|0572||G0156|||||20121227|000012.00|000171.00|||                                                                                                                                                                                                                                                                                                                                                                                                                                                        
175000505266|0572||G0156|||||20121228|000012.00|000171.00|||                                                                                                                                                                                                                                                                                                                                                                                                                                                        
175000505267|0580||T1019|||||20121224|000016.00|000056.00|||                                                                                                                                                                                                                                                                                                                                                                                                                                                        
175000505267|0580||T1019|||||20121226|000016.00|000056.00|||                                                                                                                                                                                                                                                                                                                                                                                                                                                        
175000505267|0580||T1019|||||20121227|000016.00|000056.00|||                                                                                                                                                                                                                                                                                                                                                                                                                                                        
175000505267|0580||T1019|||||20121228|000016.00|000056.00|||                                                                                                                                                                                                                                                                                                                                                                                                                                                        
175000505268|0580||T1019|||||20121222|000036.00|000126.00|||                                                                                                                                                                                                                                                                                                                                                                                                                                                        
175000505268|0580||T1019|||||20121223|000036.00|000126.00|||                                                                                                                                                                                                                                                                                                                                                                                                                                                        
175000505268|0580||T1019|||||20121224|000032.00|000112.00|||                                                                                                                                                                                                                                                                                                                                                                                                                                                        
175000505268|0580||T1019|||||20121227|000035.00|000122.50|||                                                                                                                                                                                                                                                                                                                                                                                                                                                        
175000505268|0580||T1019|||||20121228|000034.00|000119.00|||                                                                                                                                                                                                                                                                                                                                                                                                                                                        
175000505269|0580||T1019|||||20121222|000028.00|000098.00|||                                                                                                                                                                                                                                                                                                                                                                                                                                                        
175000505269|0580||T1019|||||20121223|000028.00|000098.00|||                                                                                                                                                                                                                                                                                                                                                                                                                                                        
175000505269|0580||T1019|||||20121224|000028.00|000098.00|||                                                                                                                                                                                                                                                                                                                                                                                                                                                        
175000505269|0580||T1019|||||20121226|000028.00|000098.00|||                                                                                                                                                                                                                                                                                                                                                                                                                                                        
175000505269|0580||T1019|||||20121227|000028.00|000098.00|||                                                                                                                                                                                                                                                                                                                                                                                                                                                        
175000505269|0580||T1019|||||20121228|000028.00|000098.00|||                                                                                                                                                                                                                                                                                                                                                                                                                                                        
175000505270|0580||T1019|||||20121222|000047.00|000164.50|||                                                                                                                                                                                                                                                                                                                                                                                                                                                        
175000505270|0580||T1019|||||20121223|000048.00|000168.00|||                                                                                                                                                                                                                                                                                                                                                                                                                                                        
175000505270|0580||T1019|||||20121224|000048.00|000168.00|||                                                                                                                                                                                                                                                                                                                                                                                                                                                        
175000505270|0580||T1019|||||20121225|000048.00|000168.00|||                                                                                                                                                                                                                                                                                                                                                                                                                                                        
175000505270|0580||T1019|||||20121226|000048.00|000168.00|||                                                                                                                                                                                                                                                                                                                                                                                                                                                        
175000505270|0580||T1019|||||20121227|000048.00|000168.00|||                                                                                                                                                                                                                                                                                                                                                                                                                                                        
175000505270|0580||T1019|||||20121228|000048.00|000168.00|||                                                                                                                                                                                                                                                                                                                                                                                                                                                        
175000505271|0580||T1019|||||20121225|000016.00|000056.00|||                                                                                                                                                                                                                                                                                                                                                                                                                                                        
175000505271|0580||T1019|||||20121227|000016.00|000056.00|||                                                                                                                                                                                                                                                                                                                                                                                                                                                        
175000505271|0580||T1019|||||20121228|000016.00|000056.00|||                                                                                                                                                                                                                                                                                                                                                                                                                                                        
175000505272|0580||T1019|||||20121222|000048.00|000168.00|||                                                                                                                                                                                                                                                                                                                                                                                                                                                        
175000505272|0580||T1019|||||20121223|000048.00|000168.00|||                                                                                                                                                                                                                                                                                                                                                                                                                                                        
175000505272|0580||T1019|||||20121224|000048.00|000168.00|||                                                                                                                                                                                                                                                                                                                                                                                                                                                        
175000505272|0580||T1019|||||20121225|000047.00|000164.50|||                                                                                                                                                                                                                                                                                                                                                                                                                                                        
175000505272|0580||T1019|||||20121226|000048.00|000168.00|||                                                                                                                                                                                                                                                                                                                                                                                                                                                        
175000505272|0580||T1019|||||20121227|000048.00|000168.00|||                                                                                                                                                                                                                                                                                                                                                                                                                                                        
175000505272|0580||T1019|||||20121228|000048.00|000168.00|||                                                                                                                                                                                                                                                                                                                                                                                                                                                        
175000505273|0580||T1019|||||20121222|000032.00|000112.00|||                                                                                                                                                                                                                                                                                                                                                                                                                                                        
175000505273|0580||T1019|||||20121223|000028.00|000098.00|||                                                                                                                                                                                                                                                                                                                                                                                                                                                        
175000505273|0580||T1019|||||20121226|000032.00|000112.00|||                                                                                                                                                                                                                                                                                                                                                                                                                                                        
175000505273|0580||T1019|||||20121227|000032.00|000112.00|||                                                                                                                                                                                                                                                                                                                                                                                                                                                        
175000505273|0580||T1019|||||20121228|000032.00|000112.00|||                                                                                                                                                                                                                                                                                                                                                                                                                                                        
175000505274|0580||T1019|||||20121224|000016.00|000067.52|||                                                                                                                                                                                                                                                                                                                                                                                                                                                        
175000505274|0580||T1019|||||20121225|000016.00|000067.52|||                                                                                                                                                                                                                                                                                                                                                                                                                                                        
175000505274|0580||T1019|||||20121226|000016.00|000067.52|||                                                                                                                                                                                                                                                                                                                                                                                                                                                        
175000505274|0580||T1019|||||20121227|000016.00|000067.52|||                                                                                                                                                                                                                                                                                                                                                                                                                                                        
175000505274|0580||T1019|||||20121228|000016.00|000067.52|||                                                                                                                                                                                                                                                                                                                                                                                                                                                        
175000505275|0580||T1019|||||20121226|000040.00|000168.80|||                                                                                                                                                                                                                                                                                                                                                                                                                                                        
175000505275|0580||T1019|||||20121227|000040.00|000168.80|||                                                                                                                                                                                                                                                                                                                                                                                                                                                        
175000505276|0580||T1019|||||20121224|000040.00|000168.80|||                                                                                                                                                                                                                                                                                                                                                                                                                                                        
175000505276|0580||T1019|||||20121225|000040.00|000168.80|||                                                                                                                                                                                                                                                                                                                                                                                                                                                        
175000505276|0580||T1019|||||20121226|000040.00|000168.80|||                                                                                                                                                                                                                                                                                                                                                                                                                                                        
175000505276|0580||T1019|||||20121227|000040.00|000168.80|||                                                                                                                                                                                                                                                                                                                                                                                                                                                        
175000505277|0580||T1019|||||20121222|000020.00|000084.40|||                                                                                                                                                                                                                                                                                                                                                                                                                                                        
175000505277|0580||T1019|||||20121223|000020.00|000084.40|||                                                                                                                                                                                                                                                                                                                                                                                                                                                        
175000505277|0580||T1019|||||20121224|000020.00|000084.40|||                                                                                                                                                                                                                                                                                                                                                                                                                                                        
175000505277|0580||T1019|||||20121227|000020.00|000084.40|||                                                                                                                                                                                                                                                                                                                                                                                                                                                        
175000505277|0580||T1019|||||20121228|000020.00|000084.40|||                                                                                                                                                                                                                                                                                                                                                                                                                                                        
175000505278|0580||T1019|||||20121228|000020.00|000084.40|||                                                                                                                                                                                                                                                                                                                                                                                                                                                        
175000505279|0580||T1019|||||20121224|000016.00|000067.52|||                                                                                                                                                                                                                                                                                                                                                                                                                                                        
175000505279|0580||T1019|||||20121226|000016.00|000067.52|||                                                                                                                                                                                                                                                                                                                                                                                                                                                        
175000505279|0580||T1019|||||20121227|000016.00|000067.52|||                                                                                                                                                                                                                                                                                                                                                                                                                                                        
175000505279|0580||T1019|||||20121228|000016.00|000067.52|||                                                                                                                                                                                                                                                                                                                                                                                                                                                        
175000505324|0580||T1019|||||20121224|000024.00|000101.28|||                                                                                                                                                                                                                                                                                                                                                                                                                                                        
175000505324|0580||T1019|||||20121226|000024.00|000101.28|||                                                                                                                                                                                                                                                                                                                                                                                                                                                        
175000505324|0580||T1019|||||20121228|000016.00|000067.52|||                                                                                                                                                                                                                                                                                                                                                                                                                                                        
175000505325|0580||T1019|||||20121224|000032.00|000135.04|||                                                                                                                                                                                                                                                                                                                                                                                                                                                        
175000505325|0580||T1019|||||20121225|000032.00|000135.04|||                                                                                                                                                                                                                                                                                                                                                                                                                                                        
175000505325|0580||T1019|||||20121226|000032.00|000135.04|||                                                                                                                                                                                                                                                                                                                                                                                                                                                        
175000505325|0580||T1019|||||20121227|000036.00|000151.92|||                                                                                                                                                                                                                                                                                                                                                                                                                                                        
175000505325|0580||T1019|||||20121228|000032.00|000135.04|||                                                                                                                                                                                                                                                                                                                                                                                                                                                        
175000505326|0580||T1019|||||20121203|000012.00|000050.64|||                                                                                                                                                                                                                                                                                                                                                                                                                                                        
175000505326|0580||T1019|||||20121205|000012.00|000050.64|||                                                                                                                                                                                                                                                                                                                                                                                                                                                        
175000505326|0580||T1019|||||20121207|000016.00|000067.52|||                                                                                                                                                                                                                                                                                                                                                                                                                                                        
175000505326|0580||T1019|||||20121210|000012.00|000050.64|||                                                                                                                                                                                                                                                                                                                                                                                                                                                        
175000505326|0580||T1019|||||20121212|000012.00|000050.64|||                                                                                                                                                                                                                                                                                                                                                                                                                                                        
175000505326|0580||T1019|||||20121214|000016.00|000067.52|||                                                                                                                                                                                                                                                                                                                                                                                                                                                        
175000505326|0580||T1019|||||20121217|000012.00|000050.64|||                                                                                                                                                                                                                                                                                                                                                                                                                                                        
175000505326|0580||T1019|||||20121219|000012.00|000050.64|||                                                                                                                                                                                                                                                                                                                                                                                                                                                        
175000505326|0580||T1019|||||20121221|000016.00|000067.52|||                                                                                                                                                                                                                                                                                                                                                                                                                                                        
175000505327|0580||T1019|||||20121223|000040.00|000168.80|||                                                                                                                                                                                                                                                                                                                                                                                                                                                        
175000505327|0580||T1019|||||20121224|000036.00|000151.92|||                                                                                                                                                                                                                                                                                                                                                                                                                                                        
175000505327|0580||T1019|||||20121225|000032.00|000135.04|||                                                                                                                                                                                                                                                                                                                                                                                                                                                        
175000505327|0580||T1019|||||20121226|000036.00|000151.92|||                                                                                                                                                                                                                                                                                                                                                                                                                                                        
175000505327|0580||T1019|||||20121227|000036.00|000151.92|||                                                                                                                                                                                                                                                                                                                                                                                                                                                        
175000505327|0580||T1019|||||20121228|000040.00|000168.80|||                                                                                                                                                                                                                                                                                                                                                                                                                                                        
175000505328|0580||T1019|||||20121224|000016.00|000067.52|||                                                                                                                                                                                                                                                                                                                                                                                                                                                        
175000505328|0580||T1019|||||20121226|000016.00|000067.52|||                                                                                                                                                                                                                                                                                                                                                                                                                                                        
175000505328|0580||T1019|||||20121227|000016.00|000067.52|||                                                                                                                                                                                                                                                                                                                                                                                                                                                        
175000505328|0580||T1019|||||20121228|000016.00|000067.52|||                                                                                                                                                                                                                                                                                                                                                                                                                                                        
175000505329|0580||T1019|||||20121222|000036.00|000151.92|||                                                                                                                                                                                                                                                                                                                                                                                                                                                        
175000505329|0580||T1019|||||20121223|000036.00|000151.92|||                                                                                                                                                                                                                                                                                                                                                                                                                                                        
175000505329|0580||T1019|||||20121224|000036.00|000151.92|||                                                                                                                                                                                                                                                                                                                                                                                                                                                        
175000505329|0580||T1019|||||20121225|000036.00|000151.92|||                                                                                                                                                                                                                                                                                                                                                                                                                                                        
175000505329|0580||T1019|||||20121226|000036.00|000151.92|||                                                                                                                                                                                                                                                                                                                                                                                                                                                        
175000505329|0580||T1019|||||20121227|000036.00|000151.92|||                                                                                                                                                                                                                                                                                                                                                                                                                                                        
175000505329|0580||T1019|||||20121228|000036.00|000151.92|||                                                                                                                                                                                                                                                                                                                                                                                                                                                        
175000505330|0580||T1019|||||20121224|000016.00|000067.52|||                                                                                                                                                                                                                                                                                                                                                                                                                                                        
175000505330|0580||T1019|||||20121226|000016.00|000067.52|||                                                                                                                                                                                                                                                                                                                                                                                                                                                        
175000505330|0580||T1019|||||20121227|000016.00|000067.52|||                                                                                                                                                                                                                                                                                                                                                                                                                                                        
175000505331|0570||T1019|1C||||20121224|000005.75|000091.43|||                                                                                                                                                                                                                                                                                                                                                                                                                                                      
175000505331|0570||T1019|1C||||20121225|000006.00|000095.40|||                                                                                                                                                                                                                                                                                                                                                                                                                                                      
175000505331|0570||T1019|1C||||20121226|000006.00|000095.40|||                                                                                                                                                                                                                                                                                                                                                                                                                                                      
175000505331|0570||T1019|1C||||20121227|000006.00|000095.40|||                                                                                                                                                                                                                                                                                                                                                                                                                                                      
175000505331|0570||T1019|1C||||20121228|000006.00|000095.40|||                                                                                                                                                                                                                                                                                                                                                                                                                                                      
175000505332|0570||T1019|1C||||20121224|000004.00|000063.60|||                                                                                                                                                                                                                                                                                                                                                                                                                                                      
175000505332|0570||T1019|1C||||20121225|000004.00|000063.60|||                                                                                                                                                                                                                                                                                                                                                                                                                                                      
175000505332|0570||T1019|1C||||20121226|000004.00|000063.60|||                                                                                                                                                                                                                                                                                                                                                                                                                                                      
175000505332|0570||T1019|1C||||20121227|000004.00|000063.60|||                                                                                                                                                                                                                                                                                                                                                                                                                                                      
175000505332|0570||T1019|1C||||20121228|000004.00|000063.60|||                                                                                                                                                                                                                                                                                                                                                                                                                                                      
175000505333|0570||T1019|1C||||20121224|000004.00|000063.60|||                                                                                                                                                                                                                                                                                                                                                                                                                                                      
175000505333|0570||T1019|1C||||20121225|000004.00|000063.60|||                                                                                                                                                                                                                                                                                                                                                                                                                                                      
175000505333|0570||T1019|1C||||20121226|000004.00|000063.60|||                                                                                                                                                                                                                                                                                                                                                                                                                                                      
175000505333|0570||T1019|1C||||20121227|000004.00|000063.60|||                                                                                                                                                                                                                                                                                                                                                                                                                                                      
175000505333|0570||T1019|1C||||20121228|000004.00|000063.60|||                                                                                                                                                                                                                                                                                                                                                                                                                                                      
