175000814381|0580||T1019|||||20130408|000024.00|000101.28|||                                                                                                                                                                                                                                                                                                                                                                                                                                                        
175000814381|0580||T1019|||||20130409|000024.00|000101.28|||                                                                                                                                                                                                                                                                                                                                                                                                                                                        
175000814381|0580||T1019|||||20130410|000024.00|000101.28|||                                                                                                                                                                                                                                                                                                                                                                                                                                                        
175000814381|0580||T1019|||||20130411|000024.00|000101.28|||                                                                                                                                                                                                                                                                                                                                                                                                                                                        
175000814381|0580||T1019|||||20130412|000024.00|000101.28|||                                                                                                                                                                                                                                                                                                                                                                                                                                                        
175000814382|0580||T1019|||||20130422|000024.00|000101.28|||                                                                                                                                                                                                                                                                                                                                                                                                                                                        
175000814382|0580||T1019|||||20130423|000024.00|000101.28|||                                                                                                                                                                                                                                                                                                                                                                                                                                                        
175000814382|0580||T1019|||||20130424|000024.00|000101.28|||                                                                                                                                                                                                                                                                                                                                                                                                                                                        
175000814382|0580||T1019|||||20130425|000024.00|000101.28|||                                                                                                                                                                                                                                                                                                                                                                                                                                                        
175000814382|0580||T1019|||||20130426|000024.00|000101.28|||                                                                                                                                                                                                                                                                                                                                                                                                                                                        
175000814383|0580||T1019|||||20130406|000024.00|000101.28|||                                                                                                                                                                                                                                                                                                                                                                                                                                                        
175000814383|0580||T1019|||||20130407|000024.00|000101.28|||                                                                                                                                                                                                                                                                                                                                                                                                                                                        
175000814383|0580||T1019|||||20130408|000024.00|000101.28|||                                                                                                                                                                                                                                                                                                                                                                                                                                                        
175000814383|0580||T1019|||||20130410|000024.00|000101.28|||                                                                                                                                                                                                                                                                                                                                                                                                                                                        
175000814383|0580||T1019|||||20130411|000024.00|000101.28|||                                                                                                                                                                                                                                                                                                                                                                                                                                                        
175000814383|0580||T1019|||||20130412|000024.00|000101.28|||                                                                                                                                                                                                                                                                                                                                                                                                                                                        
175000814384|0580||T1019|||||20130420|000024.00|000101.28|||                                                                                                                                                                                                                                                                                                                                                                                                                                                        
175000814384|0580||T1019|||||20130421|000024.00|000101.28|||                                                                                                                                                                                                                                                                                                                                                                                                                                                        
175000814384|0580||T1019|||||20130422|000024.00|000101.28|||                                                                                                                                                                                                                                                                                                                                                                                                                                                        
175000814384|0580||T1019|||||20130423|000024.00|000101.28|||                                                                                                                                                                                                                                                                                                                                                                                                                                                        
175000814385|0580||T1019|||||20130408|000040.00|000168.80|||                                                                                                                                                                                                                                                                                                                                                                                                                                                        
175000814385|0580||T1019|||||20130409|000040.00|000168.80|||                                                                                                                                                                                                                                                                                                                                                                                                                                                        
175000814385|0580||T1019|||||20130410|000040.00|000168.80|||                                                                                                                                                                                                                                                                                                                                                                                                                                                        
175000814385|0580||T1019|||||20130411|000040.00|000168.80|||                                                                                                                                                                                                                                                                                                                                                                                                                                                        
175000814386|0580||T1019|||||20130423|000040.00|000168.80|||                                                                                                                                                                                                                                                                                                                                                                                                                                                        
175000814386|0580||T1019|||||20130424|000040.00|000168.80|||                                                                                                                                                                                                                                                                                                                                                                                                                                                        
175000814386|0580||T1019|||||20130425|000040.00|000168.80|||                                                                                                                                                                                                                                                                                                                                                                                                                                                        
