175001167278|0580||T1019|||||20130706|000048.00|000202.56|||                                                                                                                                                                                                                                                                                                                                                                                                                                                        
175001167278|0580||T1019|||||20130707|000048.00|000202.56|||                                                                                                                                                                                                                                                                                                                                                                                                                                                        
175001167278|0580||T1019|||||20130708|000048.00|000202.56|||                                                                                                                                                                                                                                                                                                                                                                                                                                                        
175001167278|0580||T1019|||||20130709|000048.00|000202.56|||                                                                                                                                                                                                                                                                                                                                                                                                                                                        
175001167278|0580||T1019|||||20130710|000048.00|000202.56|||                                                                                                                                                                                                                                                                                                                                                                                                                                                        
175001167278|0580||T1019|||||20130711|000048.00|000202.56|||                                                                                                                                                                                                                                                                                                                                                                                                                                                        
175001167278|0580||T1019|||||20130712|000048.00|000202.56|||                                                                                                                                                                                                                                                                                                                                                                                                                                                        
175001167279|0580||T1019|||||20130706|000048.00|000202.56|||                                                                                                                                                                                                                                                                                                                                                                                                                                                        
175001167279|0580||T1019|||||20130707|000048.00|000202.56|||                                                                                                                                                                                                                                                                                                                                                                                                                                                        
175001167279|0580||T1019|||||20130708|000048.00|000202.56|||                                                                                                                                                                                                                                                                                                                                                                                                                                                        
175001167279|0580||T1019|||||20130709|000048.00|000202.56|||                                                                                                                                                                                                                                                                                                                                                                                                                                                        
175001167279|0580||T1019|||||20130710|000048.00|000202.56|||                                                                                                                                                                                                                                                                                                                                                                                                                                                        
175001167279|0580||T1019|||||20130711|000032.00|000135.04|||                                                                                                                                                                                                                                                                                                                                                                                                                                                        
175001167279|0580||T1019|||||20130712|000048.00|000202.56|||                                                                                                                                                                                                                                                                                                                                                                                                                                                        
175001167280|0580||T1019|||||20130708|000016.00|000067.52|||                                                                                                                                                                                                                                                                                                                                                                                                                                                        
175001167280|0580||T1019|||||20130709|000016.00|000067.52|||                                                                                                                                                                                                                                                                                                                                                                                                                                                        
175001167280|0580||T1019|||||20130710|000016.00|000067.52|||                                                                                                                                                                                                                                                                                                                                                                                                                                                        
175001167280|0580||T1019|||||20130711|000016.00|000067.52|||                                                                                                                                                                                                                                                                                                                                                                                                                                                        
175001167280|0580||T1019|||||20130712|000016.00|000067.52|||                                                                                                                                                                                                                                                                                                                                                                                                                                                        
175001167281|0580||T1019|||||20130706|000036.00|000151.92|||                                                                                                                                                                                                                                                                                                                                                                                                                                                        
175001167281|0580||T1019|||||20130707|000036.00|000151.92|||                                                                                                                                                                                                                                                                                                                                                                                                                                                        
175001167282|0580||T1019|||||20130709|000036.00|000151.92|||                                                                                                                                                                                                                                                                                                                                                                                                                                                        
175001167282|0580||T1019|||||20130710|000036.00|000151.92|||                                                                                                                                                                                                                                                                                                                                                                                                                                                        
175001167282|0580||T1019|||||20130711|000036.00|000151.92|||                                                                                                                                                                                                                                                                                                                                                                                                                                                        
175001167282|0580||T1019|||||20130712|000036.00|000151.92|||                                                                                                                                                                                                                                                                                                                                                                                                                                                        
175001167283|0580||T1019|||||20130706|000028.00|000118.16|||                                                                                                                                                                                                                                                                                                                                                                                                                                                        
175001167283|0580||T1019|||||20130707|000028.00|000118.16|||                                                                                                                                                                                                                                                                                                                                                                                                                                                        
175001167283|0580||T1019|||||20130708|000028.00|000118.16|||                                                                                                                                                                                                                                                                                                                                                                                                                                                        
175001167283|0580||T1019|||||20130709|000028.00|000118.16|||                                                                                                                                                                                                                                                                                                                                                                                                                                                        
175001167283|0580||T1019|||||20130710|000028.00|000118.16|||                                                                                                                                                                                                                                                                                                                                                                                                                                                        
175001167283|0580||T1019|||||20130711|000028.00|000118.16|||                                                                                                                                                                                                                                                                                                                                                                                                                                                        
175001167283|0580||T1019|||||20130712|000028.00|000118.16|||                                                                                                                                                                                                                                                                                                                                                                                                                                                        
175001167284|0580||T1019|||||20130706|000048.00|000202.56|||                                                                                                                                                                                                                                                                                                                                                                                                                                                        
175001167284|0580||T1019|||||20130707|000048.00|000202.56|||                                                                                                                                                                                                                                                                                                                                                                                                                                                        
175001167284|0580||T1019|||||20130708|000044.00|000185.68|||                                                                                                                                                                                                                                                                                                                                                                                                                                                        
175001167284|0580||T1019|||||20130709|000044.00|000185.68|||                                                                                                                                                                                                                                                                                                                                                                                                                                                        
175001167284|0580||T1019|||||20130710|000048.00|000202.56|||                                                                                                                                                                                                                                                                                                                                                                                                                                                        
175001167284|0580||T1019|||||20130711|000048.00|000202.56|||                                                                                                                                                                                                                                                                                                                                                                                                                                                        
175001167284|0580||T1019|||||20130712|000048.00|000202.56|||                                                                                                                                                                                                                                                                                                                                                                                                                                                        
175001167285|0580||T1019|||||20130706|000024.00|000101.28|||                                                                                                                                                                                                                                                                                                                                                                                                                                                        
175001167285|0580||T1019|||||20130707|000024.00|000101.28|||                                                                                                                                                                                                                                                                                                                                                                                                                                                        
175001167285|0580||T1019|||||20130708|000024.00|000101.28|||                                                                                                                                                                                                                                                                                                                                                                                                                                                        
175001167285|0580||T1019|||||20130709|000024.00|000101.28|||                                                                                                                                                                                                                                                                                                                                                                                                                                                        
175001167285|0580||T1019|||||20130710|000024.00|000101.28|||                                                                                                                                                                                                                                                                                                                                                                                                                                                        
175001167285|0580||T1019|||||20130711|000024.00|000101.28|||                                                                                                                                                                                                                                                                                                                                                                                                                                                        
175001167285|0580||T1019|||||20130712|000024.00|000101.28|||                                                                                                                                                                                                                                                                                                                                                                                                                                                        
175001167286|0580||T1019|||||20130709|000016.00|000067.52|||                                                                                                                                                                                                                                                                                                                                                                                                                                                        
175001167286|0580||T1019|||||20130712|000016.00|000067.52|||                                                                                                                                                                                                                                                                                                                                                                                                                                                        
175001167287|0580||T1019|||||20130706|000032.00|000135.04|||                                                                                                                                                                                                                                                                                                                                                                                                                                                        
175001167287|0580||T1019|||||20130707|000032.00|000135.04|||                                                                                                                                                                                                                                                                                                                                                                                                                                                        
175001167287|0580||T1019|||||20130708|000032.00|000135.04|||                                                                                                                                                                                                                                                                                                                                                                                                                                                        
175001167287|0580||T1019|||||20130709|000032.00|000135.04|||                                                                                                                                                                                                                                                                                                                                                                                                                                                        
175001167287|0580||T1019|||||20130710|000032.00|000135.04|||                                                                                                                                                                                                                                                                                                                                                                                                                                                        
175001167287|0580||T1019|||||20130711|000032.00|000135.04|||                                                                                                                                                                                                                                                                                                                                                                                                                                                        
175001167287|0580||T1019|||||20130712|000032.00|000135.04|||                                                                                                                                                                                                                                                                                                                                                                                                                                                        
175001167288|0580||T1019|||||20130711|000016.00|000067.52|||                                                                                                                                                                                                                                                                                                                                                                                                                                                        
175001167288|0580||T1019|||||20130712|000016.00|000067.52|||                                                                                                                                                                                                                                                                                                                                                                                                                                                        
175001167289|0580||T1019|||||20130710|000040.00|000168.80|||                                                                                                                                                                                                                                                                                                                                                                                                                                                        
175001167289|0580||T1019|||||20130711|000040.00|000168.80|||                                                                                                                                                                                                                                                                                                                                                                                                                                                        
175001167290|0580||T1019|||||20130708|000040.00|000168.80|||                                                                                                                                                                                                                                                                                                                                                                                                                                                        
175001167290|0580||T1019|||||20130709|000040.00|000168.80|||                                                                                                                                                                                                                                                                                                                                                                                                                                                        
175001167291|0580||T1019|||||20130712|000020.00|000084.40|||                                                                                                                                                                                                                                                                                                                                                                                                                                                        
175001167292|0580||T1019|||||20130708|000016.00|000067.52|||                                                                                                                                                                                                                                                                                                                                                                                                                                                        
175001167292|0580||T1019|||||20130709|000016.00|000067.52|||                                                                                                                                                                                                                                                                                                                                                                                                                                                        
175001167292|0580||T1019|||||20130710|000016.00|000067.52|||                                                                                                                                                                                                                                                                                                                                                                                                                                                        
175001167292|0580||T1019|||||20130711|000016.00|000067.52|||                                                                                                                                                                                                                                                                                                                                                                                                                                                        
175001167292|0580||T1019|||||20130712|000016.00|000067.52|||                                                                                                                                                                                                                                                                                                                                                                                                                                                        
175001167346|0580||T1019|||||20130708|000020.00|000084.40|||                                                                                                                                                                                                                                                                                                                                                                                                                                                        
175001167346|0580||T1019|||||20130709|000020.00|000084.40|||                                                                                                                                                                                                                                                                                                                                                                                                                                                        
175001167346|0580||T1019|||||20130710|000020.00|000084.40|||                                                                                                                                                                                                                                                                                                                                                                                                                                                        
175001167346|0580||T1019|||||20130711|000020.00|000084.40|||                                                                                                                                                                                                                                                                                                                                                                                                                                                        
175001167346|0580||T1019|||||20130712|000020.00|000084.40|||                                                                                                                                                                                                                                                                                                                                                                                                                                                        
175001167347|0580||T1019|||||20130706|000040.00|000168.80|||                                                                                                                                                                                                                                                                                                                                                                                                                                                        
175001167347|0580||T1019|||||20130707|000040.00|000168.80|||                                                                                                                                                                                                                                                                                                                                                                                                                                                        
175001167347|0580||T1019|||||20130708|000032.00|000135.04|||                                                                                                                                                                                                                                                                                                                                                                                                                                                        
175001167347|0580||T1019|||||20130710|000032.00|000135.04|||                                                                                                                                                                                                                                                                                                                                                                                                                                                        
175001167347|0580||T1019|||||20130711|000032.00|000135.04|||                                                                                                                                                                                                                                                                                                                                                                                                                                                        
175001167347|0580||T1019|||||20130712|000032.00|000135.04|||                                                                                                                                                                                                                                                                                                                                                                                                                                                        
175001167348|0580||T1019|||||20130706|000020.00|000084.40|||                                                                                                                                                                                                                                                                                                                                                                                                                                                        
175001167348|0580||T1019|||||20130707|000020.00|000084.40|||                                                                                                                                                                                                                                                                                                                                                                                                                                                        
175001167348|0580||T1019|||||20130708|000016.00|000067.52|||                                                                                                                                                                                                                                                                                                                                                                                                                                                        
175001167348|0580||T1019|||||20130709|000016.00|000067.52|||                                                                                                                                                                                                                                                                                                                                                                                                                                                        
175001167348|0580||T1019|||||20130710|000016.00|000067.52|||                                                                                                                                                                                                                                                                                                                                                                                                                                                        
175001167348|0580||T1019|||||20130711|000016.00|000067.52|||                                                                                                                                                                                                                                                                                                                                                                                                                                                        
175001167348|0580||T1019|||||20130712|000016.00|000067.52|||                                                                                                                                                                                                                                                                                                                                                                                                                                                        
175001167349|0580||T1019|||||20130706|000016.00|000067.52|||                                                                                                                                                                                                                                                                                                                                                                                                                                                        
175001167349|0580||T1019|||||20130707|000016.00|000067.52|||                                                                                                                                                                                                                                                                                                                                                                                                                                                        
175001167349|0580||T1019|||||20130708|000012.00|000050.64|||                                                                                                                                                                                                                                                                                                                                                                                                                                                        
175001167349|0580||T1019|||||20130709|000012.00|000050.64|||                                                                                                                                                                                                                                                                                                                                                                                                                                                        
175001167349|0580||T1019|||||20130710|000012.00|000050.64|||                                                                                                                                                                                                                                                                                                                                                                                                                                                        
175001167349|0580||T1019|||||20130711|000012.00|000050.64|||                                                                                                                                                                                                                                                                                                                                                                                                                                                        
175001167349|0580||T1019|||||20130712|000012.00|000050.64|||                                                                                                                                                                                                                                                                                                                                                                                                                                                        
175001167350|0580||T1019|||||20130708|000028.00|000105.00|||                                                                                                                                                                                                                                                                                                                                                                                                                                                        
175001167350|0580||T1019|||||20130709|000028.00|000105.00|||                                                                                                                                                                                                                                                                                                                                                                                                                                                        
175001167350|0580||T1019|||||20130710|000028.00|000105.00|||                                                                                                                                                                                                                                                                                                                                                                                                                                                        
175001167350|0580||T1019|||||20130711|000028.00|000105.00|||                                                                                                                                                                                                                                                                                                                                                                                                                                                        
175001167350|0580||T1019|||||20130712|000016.00|000060.00|||                                                                                                                                                                                                                                                                                                                                                                                                                                                        
175001167351|0580||T1019|||||20130708|000024.00|000090.00|||                                                                                                                                                                                                                                                                                                                                                                                                                                                        
175001167351|0580||T1019|||||20130709|000024.00|000090.00|||                                                                                                                                                                                                                                                                                                                                                                                                                                                        
175001167352|0580||T1019|||||20130604|000024.00|000090.00|||                                                                                                                                                                                                                                                                                                                                                                                                                                                        
175001167353|0580||T1019|||||20130708|000032.00|000120.00|||                                                                                                                                                                                                                                                                                                                                                                                                                                                        
175001167353|0580||T1019|||||20130709|000036.00|000135.00|||                                                                                                                                                                                                                                                                                                                                                                                                                                                        
175001167353|0580||T1019|||||20130710|000032.00|000120.00|||                                                                                                                                                                                                                                                                                                                                                                                                                                                        
175001167353|0580||T1019|||||20130711|000036.00|000135.00|||                                                                                                                                                                                                                                                                                                                                                                                                                                                        
175001167353|0580||T1019|||||20130712|000032.00|000120.00|||                                                                                                                                                                                                                                                                                                                                                                                                                                                        
175001167354|0580||T1019|||||20130708|000016.00|000060.00|||                                                                                                                                                                                                                                                                                                                                                                                                                                                        
175001167354|0580||T1019|||||20130709|000016.00|000060.00|||                                                                                                                                                                                                                                                                                                                                                                                                                                                        
175001167354|0580||T1019|||||20130710|000016.00|000060.00|||                                                                                                                                                                                                                                                                                                                                                                                                                                                        
175001167354|0580||T1019|||||20130711|000016.00|000060.00|||                                                                                                                                                                                                                                                                                                                                                                                                                                                        
175001167354|0580||T1019|||||20130712|000016.00|000060.00|||                                                                                                                                                                                                                                                                                                                                                                                                                                                        
175001167355|0580||T1019|||||20130708|000016.00|000060.00|||                                                                                                                                                                                                                                                                                                                                                                                                                                                        
175001167355|0580||T1019|||||20130709|000016.00|000060.00|||                                                                                                                                                                                                                                                                                                                                                                                                                                                        
175001167355|0580||T1019|||||20130710|000016.00|000060.00|||                                                                                                                                                                                                                                                                                                                                                                                                                                                        
175001167355|0580||T1019|||||20130711|000016.00|000060.00|||                                                                                                                                                                                                                                                                                                                                                                                                                                                        
175001167355|0580||T1019|||||20130712|000016.00|000060.00|||                                                                                                                                                                                                                                                                                                                                                                                                                                                        
175001167356|0580||T1019|||||20130708|000020.00|000075.00|||                                                                                                                                                                                                                                                                                                                                                                                                                                                        
175001167356|0580||T1019|||||20130709|000020.00|000075.00|||                                                                                                                                                                                                                                                                                                                                                                                                                                                        
175001167356|0580||T1019|||||20130710|000020.00|000075.00|||                                                                                                                                                                                                                                                                                                                                                                                                                                                        
175001167356|0580||T1019|||||20130711|000020.00|000075.00|||                                                                                                                                                                                                                                                                                                                                                                                                                                                        
175001167357|0580||T1019|||||20130704|000016.00|000067.52|||                                                                                                                                                                                                                                                                                                                                                                                                                                                        
175001167357|0580||T1019|||||20130708|000016.00|000067.52|||                                                                                                                                                                                                                                                                                                                                                                                                                                                        
175001167358|0580||T1019|||||20130709|000016.00|000067.52|||                                                                                                                                                                                                                                                                                                                                                                                                                                                        
175001167358|0580||T1019|||||20130710|000016.00|000067.52|||                                                                                                                                                                                                                                                                                                                                                                                                                                                        
175001167358|0580||T1019|||||20130711|000016.00|000067.52|||                                                                                                                                                                                                                                                                                                                                                                                                                                                        
175001167358|0580||T1019|||||20130712|000016.00|000067.52|||                                                                                                                                                                                                                                                                                                                                                                                                                                                        
175001167359|0580||T1019|1C||||20130708|000006.00|000098.40|||                                                                                                                                                                                                                                                                                                                                                                                                                                                      
175001167359|0580||T1019|1C||||20130709|000006.00|000098.40|||                                                                                                                                                                                                                                                                                                                                                                                                                                                      
175001167359|0580||T1019|1C||||20130710|000006.00|000098.40|||                                                                                                                                                                                                                                                                                                                                                                                                                                                      
175001167359|0580||T1019|1C||||20130711|000006.00|000098.40|||                                                                                                                                                                                                                                                                                                                                                                                                                                                      
175001167360|0580||T1019|1C||||20130706|000004.00|000065.60|||                                                                                                                                                                                                                                                                                                                                                                                                                                                      
175001167360|0580||T1019|1C||||20130707|000004.00|000065.60|||                                                                                                                                                                                                                                                                                                                                                                                                                                                      
175001167360|0580||T1019|1C||||20130708|000004.00|000065.60|||                                                                                                                                                                                                                                                                                                                                                                                                                                                      
175001167360|0580||T1019|1C||||20130709|000004.00|000065.60|||                                                                                                                                                                                                                                                                                                                                                                                                                                                      
175001167360|0580||T1019|1C||||20130710|000004.00|000065.60|||                                                                                                                                                                                                                                                                                                                                                                                                                                                      
175001167360|0580||T1019|1C||||20130711|000004.00|000065.60|||                                                                                                                                                                                                                                                                                                                                                                                                                                                      
175001167360|0580||T1019|1C||||20130712|000004.00|000065.60|||                                                                                                                                                                                                                                                                                                                                                                                                                                                      
175001167361|0580||T1019|1C||||20130708|000004.00|000065.60|||                                                                                                                                                                                                                                                                                                                                                                                                                                                      
175001167361|0580||T1019|1C||||20130709|000004.00|000065.60|||                                                                                                                                                                                                                                                                                                                                                                                                                                                      
175001167361|0580||T1019|1C||||20130710|000004.00|000065.60|||                                                                                                                                                                                                                                                                                                                                                                                                                                                      
175001167361|0580||T1019|1C||||20130711|000004.00|000065.60|||                                                                                                                                                                                                                                                                                                                                                                                                                                                      
175001167361|0580||T1019|1C||||20130712|000004.00|000065.60|||                                                                                                                                                                                                                                                                                                                                                                                                                                                      
175001167362|0580||T1019|1C||||20130708|000004.00|000065.60|||                                                                                                                                                                                                                                                                                                                                                                                                                                                      
175001167362|0580||T1019|1C||||20130709|000004.00|000065.60|||                                                                                                                                                                                                                                                                                                                                                                                                                                                      
175001167362|0580||T1019|1C||||20130710|000004.00|000065.60|||                                                                                                                                                                                                                                                                                                                                                                                                                                                      
175001167362|0580||T1019|1C||||20130711|000004.00|000065.60|||                                                                                                                                                                                                                                                                                                                                                                                                                                                      
175001167362|0580||T1019|1C||||20130712|000004.00|000065.60|||                                                                                                                                                                                                                                                                                                                                                                                                                                                      
175001167363|0580||T1019|1C||||20130708|000006.00|000098.40|||                                                                                                                                                                                                                                                                                                                                                                                                                                                      
175001167363|0580||T1019|1C||||20130709|000006.00|000098.40|||                                                                                                                                                                                                                                                                                                                                                                                                                                                      
175001167363|0580||T1019|1C||||20130710|000006.00|000098.40|||                                                                                                                                                                                                                                                                                                                                                                                                                                                      
175001167363|0580||T1019|1C||||20130711|000006.00|000098.40|||                                                                                                                                                                                                                                                                                                                                                                                                                                                      
175001167363|0580||T1019|1C||||20130712|000006.00|000098.40|||                                                                                                                                                                                                                                                                                                                                                                                                                                                      
175001167364|0580||T1019|1C||||20130706|000024.00|000393.60|||                                                                                                                                                                                                                                                                                                                                                                                                                                                      
175001167364|0580||T1019|1C||||20130707|000024.00|000393.60|||                                                                                                                                                                                                                                                                                                                                                                                                                                                      
175001167364|0580||T1019|1C||||20130708|000024.00|000393.60|||                                                                                                                                                                                                                                                                                                                                                                                                                                                      
175001167364|0580||T1019|1C||||20130709|000012.00|000196.80|||                                                                                                                                                                                                                                                                                                                                                                                                                                                      
175001167364|0580||T1019|1C||||20130710|000012.00|000196.80|||                                                                                                                                                                                                                                                                                                                                                                                                                                                      
175001167364|0580||T1019|1C||||20130711|000024.00|000393.60|||                                                                                                                                                                                                                                                                                                                                                                                                                                                      
175001167364|0580||T1019|1C||||20130712|000024.00|000393.60|||                                                                                                                                                                                                                                                                                                                                                                                                                                                      
175001167365|0580||T1019|1C||||20130706|000012.00|000196.80|||                                                                                                                                                                                                                                                                                                                                                                                                                                                      
175001167365|0580||T1019|1C||||20130707|000011.50|000188.60|||                                                                                                                                                                                                                                                                                                                                                                                                                                                      
175001167365|0580||T1019|1C||||20130708|000012.00|000196.80|||                                                                                                                                                                                                                                                                                                                                                                                                                                                      
175001167365|0580||T1019|1C||||20130709|000012.00|000196.80|||                                                                                                                                                                                                                                                                                                                                                                                                                                                      
175001167365|0580||T1019|1C||||20130710|000012.00|000196.80|||                                                                                                                                                                                                                                                                                                                                                                                                                                                      
175001167365|0580||T1019|1C||||20130711|000010.00|000164.00|||                                                                                                                                                                                                                                                                                                                                                                                                                                                      
175001167366|0580||T1019|1C||||20130706|000008.00|000131.20|||                                                                                                                                                                                                                                                                                                                                                                                                                                                      
175001167366|0580||T1019|1C||||20130707|000008.00|000131.20|||                                                                                                                                                                                                                                                                                                                                                                                                                                                      
175001167366|0580||T1019|1C||||20130708|000008.00|000131.20|||                                                                                                                                                                                                                                                                                                                                                                                                                                                      
175001167366|0580||T1019|1C||||20130710|000008.00|000131.20|||                                                                                                                                                                                                                                                                                                                                                                                                                                                      
175001167366|0580||T1019|1C||||20130711|000008.00|000131.20|||                                                                                                                                                                                                                                                                                                                                                                                                                                                      
175001167366|0580||T1019|1C||||20130712|000008.00|000131.20|||                                                                                                                                                                                                                                                                                                                                                                                                                                                      
175001167369|0580||T1019|||||20130710|000016.00|000063.04|||                                                                                                                                                                                                                                                                                                                                                                                                                                                        
175001167369|0580||T1019|||||20130712|000016.00|000063.04|||                                                                                                                                                                                                                                                                                                                                                                                                                                                        
175001167370|0580||T1019|||||20130706|000012.00|000047.28|||                                                                                                                                                                                                                                                                                                                                                                                                                                                        
175001167371|0580||T1019|||||20130708|000008.00|000031.52|||                                                                                                                                                                                                                                                                                                                                                                                                                                                        
175001167371|0580||T1019|||||20130710|000016.00|000063.04|||                                                                                                                                                                                                                                                                                                                                                                                                                                                        
175001167371|0580||T1019|||||20130712|000016.00|000063.04|||                                                                                                                                                                                                                                                                                                                                                                                                                                                        
