175000802495|0580||T1019|||||20130429|000024.00|000101.28|||                                                                                                                                                                                                                                                                                                                                                                                                                                                        
175000802495|0580||T1019|||||20130430|000024.00|000101.28|||                                                                                                                                                                                                                                                                                                                                                                                                                                                        
175000802495|0580||T1019|||||20130501|000024.00|000101.28|||                                                                                                                                                                                                                                                                                                                                                                                                                                                        
175000802495|0580||T1019|||||20130502|000024.00|000101.28|||                                                                                                                                                                                                                                                                                                                                                                                                                                                        
175000802495|0580||T1019|||||20130503|000024.00|000101.28|||                                                                                                                                                                                                                                                                                                                                                                                                                                                        
175000802496|0580||T1019|||||20130427|000048.00|000202.56|||                                                                                                                                                                                                                                                                                                                                                                                                                                                        
175000802496|0580||T1019|||||20130428|000048.00|000202.56|||                                                                                                                                                                                                                                                                                                                                                                                                                                                        
175000802496|0580||T1019|||||20130429|000048.00|000202.56|||                                                                                                                                                                                                                                                                                                                                                                                                                                                        
175000802496|0580||T1019|||||20130430|000048.00|000202.56|||                                                                                                                                                                                                                                                                                                                                                                                                                                                        
175000802496|0580||T1019|||||20130501|000048.00|000202.56|||                                                                                                                                                                                                                                                                                                                                                                                                                                                        
175000802496|0580||T1019|||||20130502|000048.00|000202.56|||                                                                                                                                                                                                                                                                                                                                                                                                                                                        
175000802496|0580||T1019|||||20130503|000048.00|000202.56|||                                                                                                                                                                                                                                                                                                                                                                                                                                                        
175000802497|0572||G0156|||||20130427|000008.00|000114.00|||                                                                                                                                                                                                                                                                                                                                                                                                                                                        
175000802497|0572||G0156|||||20130428|000008.00|000114.00|||                                                                                                                                                                                                                                                                                                                                                                                                                                                        
175000802497|0572||G0156|||||20130429|000008.00|000114.00|||                                                                                                                                                                                                                                                                                                                                                                                                                                                        
175000802497|0572||G0156|||||20130430|000008.00|000114.00|||                                                                                                                                                                                                                                                                                                                                                                                                                                                        
175000802497|0572||G0156|||||20130501|000008.00|000114.00|||                                                                                                                                                                                                                                                                                                                                                                                                                                                        
175000802497|0572||G0156|||||20130502|000008.00|000114.00|||                                                                                                                                                                                                                                                                                                                                                                                                                                                        
175000802497|0572||G0156|||||20130503|000008.00|000114.00|||                                                                                                                                                                                                                                                                                                                                                                                                                                                        
175000802498|0572||G0156|||||20130427|000012.00|000171.00|||                                                                                                                                                                                                                                                                                                                                                                                                                                                        
175000802498|0572||G0156|||||20130428|000012.00|000171.00|||                                                                                                                                                                                                                                                                                                                                                                                                                                                        
175000802498|0572||G0156|||||20130429|000011.00|000156.75|||                                                                                                                                                                                                                                                                                                                                                                                                                                                        
175000802498|0572||G0156|||||20130430|000011.00|000156.75|||                                                                                                                                                                                                                                                                                                                                                                                                                                                        
175000802498|0572||G0156|||||20130501|000009.50|000135.38|||                                                                                                                                                                                                                                                                                                                                                                                                                                                        
175000802498|0572||G0156|||||20130502|000012.00|000171.00|||                                                                                                                                                                                                                                                                                                                                                                                                                                                        
175000802498|0572||G0156|||||20130503|000012.00|000171.00|||                                                                                                                                                                                                                                                                                                                                                                                                                                                        
175000802499|0580||T1019|||||20130429|000016.00|000067.52|||                                                                                                                                                                                                                                                                                                                                                                                                                                                        
175000802499|0580||T1019|||||20130430|000016.00|000067.52|||                                                                                                                                                                                                                                                                                                                                                                                                                                                        
175000802499|0580||T1019|||||20130501|000016.00|000067.52|||                                                                                                                                                                                                                                                                                                                                                                                                                                                        
175000802499|0580||T1019|||||20130502|000016.00|000067.52|||                                                                                                                                                                                                                                                                                                                                                                                                                                                        
175000802499|0580||T1019|||||20130503|000016.00|000067.52|||                                                                                                                                                                                                                                                                                                                                                                                                                                                        
175000802500|0580||T1019|||||20130427|000036.00|000151.92|||                                                                                                                                                                                                                                                                                                                                                                                                                                                        
175000802500|0580||T1019|||||20130428|000036.00|000151.92|||                                                                                                                                                                                                                                                                                                                                                                                                                                                        
175000802500|0580||T1019|||||20130429|000036.00|000151.92|||                                                                                                                                                                                                                                                                                                                                                                                                                                                        
175000802500|0580||T1019|||||20130430|000036.00|000151.92|||                                                                                                                                                                                                                                                                                                                                                                                                                                                        
175000802500|0580||T1019|||||20130501|000036.00|000151.92|||                                                                                                                                                                                                                                                                                                                                                                                                                                                        
175000802500|0580||T1019|||||20130502|000036.00|000151.92|||                                                                                                                                                                                                                                                                                                                                                                                                                                                        
175000802500|0580||T1019|||||20130503|000036.00|000151.92|||                                                                                                                                                                                                                                                                                                                                                                                                                                                        
175000802501|0580||T1019|||||20130427|000028.00|000118.16|||                                                                                                                                                                                                                                                                                                                                                                                                                                                        
175000802501|0580||T1019|||||20130428|000028.00|000118.16|||                                                                                                                                                                                                                                                                                                                                                                                                                                                        
175000802501|0580||T1019|||||20130429|000028.00|000118.16|||                                                                                                                                                                                                                                                                                                                                                                                                                                                        
175000802501|0580||T1019|||||20130430|000028.00|000118.16|||                                                                                                                                                                                                                                                                                                                                                                                                                                                        
175000802501|0580||T1019|||||20130501|000028.00|000118.16|||                                                                                                                                                                                                                                                                                                                                                                                                                                                        
175000802501|0580||T1019|||||20130502|000028.00|000118.16|||                                                                                                                                                                                                                                                                                                                                                                                                                                                        
175000802501|0580||T1019|||||20130503|000028.00|000118.16|||                                                                                                                                                                                                                                                                                                                                                                                                                                                        
175000802502|0580||T1019|||||20130427|000048.00|000202.56|||                                                                                                                                                                                                                                                                                                                                                                                                                                                        
175000802502|0580||T1019|||||20130428|000048.00|000202.56|||                                                                                                                                                                                                                                                                                                                                                                                                                                                        
175000802502|0580||T1019|||||20130429|000048.00|000202.56|||                                                                                                                                                                                                                                                                                                                                                                                                                                                        
175000802502|0580||T1019|||||20130430|000048.00|000202.56|||                                                                                                                                                                                                                                                                                                                                                                                                                                                        
175000802502|0580||T1019|||||20130501|000048.00|000202.56|||                                                                                                                                                                                                                                                                                                                                                                                                                                                        
175000802502|0580||T1019|||||20130502|000044.00|000185.68|||                                                                                                                                                                                                                                                                                                                                                                                                                                                        
175000802502|0580||T1019|||||20130503|000048.00|000202.56|||                                                                                                                                                                                                                                                                                                                                                                                                                                                        
175000802503|0580||T1019|||||20130427|000024.00|000101.28|||                                                                                                                                                                                                                                                                                                                                                                                                                                                        
175000802503|0580||T1019|||||20130430|000024.00|000101.28|||                                                                                                                                                                                                                                                                                                                                                                                                                                                        
175000802503|0580||T1019|||||20130501|000024.00|000101.28|||                                                                                                                                                                                                                                                                                                                                                                                                                                                        
175000802503|0580||T1019|||||20130502|000024.00|000101.28|||                                                                                                                                                                                                                                                                                                                                                                                                                                                        
175000802503|0580||T1019|||||20130503|000024.00|000101.28|||                                                                                                                                                                                                                                                                                                                                                                                                                                                        
175000802504|0580||T1019|||||20130502|000016.00|000067.52|||                                                                                                                                                                                                                                                                                                                                                                                                                                                        
175000802504|0580||T1019|||||20130503|000016.00|000067.52|||                                                                                                                                                                                                                                                                                                                                                                                                                                                        
175000802505|0580||T1019|||||20130427|000032.00|000135.04|||                                                                                                                                                                                                                                                                                                                                                                                                                                                        
175000802505|0580||T1019|||||20130428|000032.00|000135.04|||                                                                                                                                                                                                                                                                                                                                                                                                                                                        
175000802505|0580||T1019|||||20130429|000032.00|000135.04|||                                                                                                                                                                                                                                                                                                                                                                                                                                                        
175000802505|0580||T1019|||||20130430|000032.00|000135.04|||                                                                                                                                                                                                                                                                                                                                                                                                                                                        
175000802505|0580||T1019|||||20130501|000032.00|000135.04|||                                                                                                                                                                                                                                                                                                                                                                                                                                                        
175000802505|0580||T1019|||||20130502|000032.00|000135.04|||                                                                                                                                                                                                                                                                                                                                                                                                                                                        
175000802505|0580||T1019|||||20130503|000032.00|000135.04|||                                                                                                                                                                                                                                                                                                                                                                                                                                                        
175000802506|0580||T1019|||||20130429|000020.00|000084.40|||                                                                                                                                                                                                                                                                                                                                                                                                                                                        
175000802506|0580||T1019|||||20130430|000020.00|000084.40|||                                                                                                                                                                                                                                                                                                                                                                                                                                                        
175000802506|0580||T1019|||||20130501|000020.00|000084.40|||                                                                                                                                                                                                                                                                                                                                                                                                                                                        
175000802506|0580||T1019|||||20130502|000020.00|000084.40|||                                                                                                                                                                                                                                                                                                                                                                                                                                                        
175000802506|0580||T1019|||||20130503|000020.00|000084.40|||                                                                                                                                                                                                                                                                                                                                                                                                                                                        
175000802507|0580||T1019|||||20130427|000016.00|000067.52|||                                                                                                                                                                                                                                                                                                                                                                                                                                                        
175000802507|0580||T1019|||||20130428|000016.00|000067.52|||                                                                                                                                                                                                                                                                                                                                                                                                                                                        
175000802507|0580||T1019|||||20130429|000016.00|000067.52|||                                                                                                                                                                                                                                                                                                                                                                                                                                                        
175000802507|0580||T1019|||||20130430|000016.00|000067.52|||                                                                                                                                                                                                                                                                                                                                                                                                                                                        
175000802507|0580||T1019|||||20130501|000016.00|000067.52|||                                                                                                                                                                                                                                                                                                                                                                                                                                                        
175000802507|0580||T1019|||||20130502|000016.00|000067.52|||                                                                                                                                                                                                                                                                                                                                                                                                                                                        
175000802507|0580||T1019|||||20130503|000016.00|000067.52|||                                                                                                                                                                                                                                                                                                                                                                                                                                                        
175000802508|0580||T1019|||||20130501|000040.00|000168.80|||                                                                                                                                                                                                                                                                                                                                                                                                                                                        
175000802508|0580||T1019|||||20130502|000040.00|000168.80|||                                                                                                                                                                                                                                                                                                                                                                                                                                                        
175000802509|0580||T1019|||||20130319|000040.00|000168.80|||                                                                                                                                                                                                                                                                                                                                                                                                                                                        
175000802509|0580||T1019|||||20130401|000040.00|000168.80|||                                                                                                                                                                                                                                                                                                                                                                                                                                                        
175000802510|0580||T1019|||||20130429|000040.00|000168.80|||                                                                                                                                                                                                                                                                                                                                                                                                                                                        
175000802510|0580||T1019|||||20130430|000040.00|000168.80|||                                                                                                                                                                                                                                                                                                                                                                                                                                                        
175000802510|0580||T1019|||||20130501|000040.00|000168.80|||                                                                                                                                                                                                                                                                                                                                                                                                                                                        
175000802511|0580||T1019|||||20130427|000020.00|000084.40|||                                                                                                                                                                                                                                                                                                                                                                                                                                                        
175000802511|0580||T1019|||||20130428|000020.00|000084.40|||                                                                                                                                                                                                                                                                                                                                                                                                                                                        
175000802511|0580||T1019|||||20130429|000020.00|000084.40|||                                                                                                                                                                                                                                                                                                                                                                                                                                                        
175000802511|0580||T1019|||||20130430|000020.00|000084.40|||                                                                                                                                                                                                                                                                                                                                                                                                                                                        
175000802511|0580||T1019|||||20130501|000020.00|000084.40|||                                                                                                                                                                                                                                                                                                                                                                                                                                                        
175000802511|0580||T1019|||||20130502|000020.00|000084.40|||                                                                                                                                                                                                                                                                                                                                                                                                                                                        
175000802511|0580||T1019|||||20130503|000020.00|000084.40|||                                                                                                                                                                                                                                                                                                                                                                                                                                                        
175000802512|0580||T1019|||||20130503|000020.00|000084.40|||                                                                                                                                                                                                                                                                                                                                                                                                                                                        
175000802513|0580||T1019|||||20130429|000016.00|000067.52|||                                                                                                                                                                                                                                                                                                                                                                                                                                                        
175000802513|0580||T1019|||||20130430|000016.00|000067.52|||                                                                                                                                                                                                                                                                                                                                                                                                                                                        
175000802514|0580||T1019|||||20130501|000016.00|000067.52|||                                                                                                                                                                                                                                                                                                                                                                                                                                                        
175000802514|0580||T1019|||||20130502|000016.00|000067.52|||                                                                                                                                                                                                                                                                                                                                                                                                                                                        
175000802514|0580||T1019|||||20130503|000016.00|000067.52|||                                                                                                                                                                                                                                                                                                                                                                                                                                                        
175000802574|0582||S5130|||||20130502|000016.00|000067.52|||                                                                                                                                                                                                                                                                                                                                                                                                                                                        
175000802574|0582||S5130|||||20130503|000016.00|000067.52|||                                                                                                                                                                                                                                                                                                                                                                                                                                                        
175000802575|0580||T1019|||||20130429|000028.00|000105.00|||                                                                                                                                                                                                                                                                                                                                                                                                                                                        
175000802575|0580||T1019|||||20130430|000028.00|000105.00|||                                                                                                                                                                                                                                                                                                                                                                                                                                                        
175000802575|0580||T1019|||||20130501|000028.00|000105.00|||                                                                                                                                                                                                                                                                                                                                                                                                                                                        
175000802575|0580||T1019|||||20130502|000028.00|000105.00|||                                                                                                                                                                                                                                                                                                                                                                                                                                                        
175000802575|0580||T1019|||||20130503|000016.00|000060.00|||                                                                                                                                                                                                                                                                                                                                                                                                                                                        
175000802576|0580||T1019|||||20130429|000016.00|000060.00|||                                                                                                                                                                                                                                                                                                                                                                                                                                                        
175000802576|0580||T1019|||||20130430|000016.00|000060.00|||                                                                                                                                                                                                                                                                                                                                                                                                                                                        
175000802577|0580||T1019|||||20130501|000024.00|000090.00|||                                                                                                                                                                                                                                                                                                                                                                                                                                                        
175000802577|0580||T1019|||||20130502|000024.00|000090.00|||                                                                                                                                                                                                                                                                                                                                                                                                                                                        
175000802577|0580||T1019|||||20130503|000024.00|000090.00|||                                                                                                                                                                                                                                                                                                                                                                                                                                                        
175000802578|0580||T1019|||||20130429|000016.00|000060.00|||                                                                                                                                                                                                                                                                                                                                                                                                                                                        
175000802578|0580||T1019|||||20130430|000024.00|000090.00|||                                                                                                                                                                                                                                                                                                                                                                                                                                                        
175000802578|0580||T1019|||||20130501|000024.00|000090.00|||                                                                                                                                                                                                                                                                                                                                                                                                                                                        
175000802578|0580||T1019|||||20130502|000024.00|000090.00|||                                                                                                                                                                                                                                                                                                                                                                                                                                                        
175000802578|0580||T1019|||||20130503|000016.00|000060.00|||                                                                                                                                                                                                                                                                                                                                                                                                                                                        
175000802579|0580||T1019|||||20130427|000024.00|000090.00|||                                                                                                                                                                                                                                                                                                                                                                                                                                                        
175000802579|0580||T1019|||||20130429|000024.00|000090.00|||                                                                                                                                                                                                                                                                                                                                                                                                                                                        
175000802579|0580||T1019|||||20130430|000024.00|000090.00|||                                                                                                                                                                                                                                                                                                                                                                                                                                                        
175000802579|0580||T1019|||||20130501|000024.00|000090.00|||                                                                                                                                                                                                                                                                                                                                                                                                                                                        
175000802579|0580||T1019|||||20130502|000024.00|000090.00|||                                                                                                                                                                                                                                                                                                                                                                                                                                                        
175000802579|0580||T1019|||||20130503|000024.00|000090.00|||                                                                                                                                                                                                                                                                                                                                                                                                                                                        
175000802580|0580||T1019|||||20130429|000032.00|000120.00|||                                                                                                                                                                                                                                                                                                                                                                                                                                                        
175000802580|0580||T1019|||||20130430|000036.00|000135.00|||                                                                                                                                                                                                                                                                                                                                                                                                                                                        
175000802580|0580||T1019|||||20130501|000032.00|000120.00|||                                                                                                                                                                                                                                                                                                                                                                                                                                                        
175000802580|0580||T1019|||||20130502|000036.00|000135.00|||                                                                                                                                                                                                                                                                                                                                                                                                                                                        
175000802580|0580||T1019|||||20130503|000032.00|000120.00|||                                                                                                                                                                                                                                                                                                                                                                                                                                                        
175000802581|0580||T1019|||||20130429|000016.00|000060.00|||                                                                                                                                                                                                                                                                                                                                                                                                                                                        
175000802581|0580||T1019|||||20130430|000016.00|000060.00|||                                                                                                                                                                                                                                                                                                                                                                                                                                                        
175000802581|0580||T1019|||||20130501|000016.00|000060.00|||                                                                                                                                                                                                                                                                                                                                                                                                                                                        
175000802581|0580||T1019|||||20130503|000016.00|000060.00|||                                                                                                                                                                                                                                                                                                                                                                                                                                                        
175000802582|0580||T1019|||||20130429|000016.00|000060.00|||                                                                                                                                                                                                                                                                                                                                                                                                                                                        
175000802582|0580||T1019|||||20130430|000016.00|000060.00|||                                                                                                                                                                                                                                                                                                                                                                                                                                                        
175000802582|0580||T1019|||||20130501|000016.00|000060.00|||                                                                                                                                                                                                                                                                                                                                                                                                                                                        
175000802582|0580||T1019|||||20130502|000016.00|000060.00|||                                                                                                                                                                                                                                                                                                                                                                                                                                                        
175000802582|0580||T1019|||||20130503|000016.00|000060.00|||                                                                                                                                                                                                                                                                                                                                                                                                                                                        
175000802583|0580||T1019|||||20130429|000020.00|000075.00|||                                                                                                                                                                                                                                                                                                                                                                                                                                                        
175000802583|0580||T1019|||||20130430|000020.00|000075.00|||                                                                                                                                                                                                                                                                                                                                                                                                                                                        
175000802583|0580||T1019|||||20130501|000020.00|000075.00|||                                                                                                                                                                                                                                                                                                                                                                                                                                                        
175000802583|0580||T1019|||||20130502|000020.00|000075.00|||                                                                                                                                                                                                                                                                                                                                                                                                                                                        
175000802583|0580||T1019|||||20130503|000020.00|000075.00|||                                                                                                                                                                                                                                                                                                                                                                                                                                                        
175000802584|0580||T1019|||||20130427|000036.00|000151.92|||                                                                                                                                                                                                                                                                                                                                                                                                                                                        
175000802584|0580||T1019|||||20130428|000036.00|000151.92|||                                                                                                                                                                                                                                                                                                                                                                                                                                                        
175000802584|0580||T1019|||||20130429|000036.00|000151.92|||                                                                                                                                                                                                                                                                                                                                                                                                                                                        
175000802584|0580||T1019|||||20130430|000036.00|000151.92|||                                                                                                                                                                                                                                                                                                                                                                                                                                                        
175000802584|0580||T1019|||||20130501|000036.00|000151.92|||                                                                                                                                                                                                                                                                                                                                                                                                                                                        
175000802584|0580||T1019|||||20130502|000036.00|000151.92|||                                                                                                                                                                                                                                                                                                                                                                                                                                                        
175000802584|0580||T1019|||||20130503|000036.00|000151.92|||                                                                                                                                                                                                                                                                                                                                                                                                                                                        
175000802585|0580||T1019|||||20130427|000032.00|000135.04|||                                                                                                                                                                                                                                                                                                                                                                                                                                                        
175000802585|0580||T1019|||||20130428|000032.00|000135.04|||                                                                                                                                                                                                                                                                                                                                                                                                                                                        
175000802585|0580||T1019|||||20130429|000016.00|000067.52|||                                                                                                                                                                                                                                                                                                                                                                                                                                                        
175000802585|0580||T1019|||||20130430|000016.00|000067.52|||                                                                                                                                                                                                                                                                                                                                                                                                                                                        
175000802585|0580||T1019|||||20130501|000016.00|000067.52|||                                                                                                                                                                                                                                                                                                                                                                                                                                                        
175000802585|0580||T1019|||||20130502|000016.00|000067.52|||                                                                                                                                                                                                                                                                                                                                                                                                                                                        
175000802585|0580||T1019|||||20130503|000016.00|000067.52|||                                                                                                                                                                                                                                                                                                                                                                                                                                                        
175000802586|0580||T1019|||||20130425|000016.00|000067.52|||                                                                                                                                                                                                                                                                                                                                                                                                                                                        
175000802586|0580||T1019|||||20130426|000016.00|000067.52|||                                                                                                                                                                                                                                                                                                                                                                                                                                                        
175000802586|0580||T1019|||||20130430|000016.00|000067.52|||                                                                                                                                                                                                                                                                                                                                                                                                                                                        
175000802586|0580||T1019|||||20130501|000016.00|000067.52|||                                                                                                                                                                                                                                                                                                                                                                                                                                                        
175000802586|0580||T1019|||||20130502|000016.00|000067.52|||                                                                                                                                                                                                                                                                                                                                                                                                                                                        
175000802586|0580||T1019|||||20130503|000016.00|000067.52|||                                                                                                                                                                                                                                                                                                                                                                                                                                                        
175000802587|0580||T1019|1C||||20130422|000006.00|000098.40|||                                                                                                                                                                                                                                                                                                                                                                                                                                                      
175000802587|0580||T1019|1C||||20130430|000006.00|000098.40|||                                                                                                                                                                                                                                                                                                                                                                                                                                                      
175000802587|0580||T1019|1C||||20130501|000006.00|000098.40|||                                                                                                                                                                                                                                                                                                                                                                                                                                                      
175000802587|0580||T1019|1C||||20130502|000006.00|000098.40|||                                                                                                                                                                                                                                                                                                                                                                                                                                                      
175000802587|0580||T1019|1C||||20130503|000006.00|000098.40|||                                                                                                                                                                                                                                                                                                                                                                                                                                                      
175000802588|0580||T1019|1C||||20130427|000004.00|000065.60|||                                                                                                                                                                                                                                                                                                                                                                                                                                                      
175000802588|0580||T1019|1C||||20130428|000004.00|000065.60|||                                                                                                                                                                                                                                                                                                                                                                                                                                                      
175000802588|0580||T1019|1C||||20130429|000004.00|000065.60|||                                                                                                                                                                                                                                                                                                                                                                                                                                                      
175000802588|0580||T1019|1C||||20130430|000004.00|000065.60|||                                                                                                                                                                                                                                                                                                                                                                                                                                                      
175000802588|0580||T1019|1C||||20130501|000004.00|000065.60|||                                                                                                                                                                                                                                                                                                                                                                                                                                                      
175000802588|0580||T1019|1C||||20130502|000004.00|000065.60|||                                                                                                                                                                                                                                                                                                                                                                                                                                                      
175000802588|0580||T1019|1C||||20130503|000004.00|000065.60|||                                                                                                                                                                                                                                                                                                                                                                                                                                                      
175000802589|0580||T1019|1C||||20130429|000004.00|000065.60|||                                                                                                                                                                                                                                                                                                                                                                                                                                                      
175000802589|0580||T1019|1C||||20130430|000004.00|000065.60|||                                                                                                                                                                                                                                                                                                                                                                                                                                                      
175000802589|0580||T1019|1C||||20130501|000004.00|000065.60|||                                                                                                                                                                                                                                                                                                                                                                                                                                                      
175000802589|0580||T1019|1C||||20130502|000004.00|000065.60|||                                                                                                                                                                                                                                                                                                                                                                                                                                                      
175000802589|0580||T1019|1C||||20130503|000004.00|000065.60|||                                                                                                                                                                                                                                                                                                                                                                                                                                                      
175000802590|0580||T1019|1C||||20130429|000004.00|000065.60|||                                                                                                                                                                                                                                                                                                                                                                                                                                                      
175000802590|0580||T1019|1C||||20130430|000004.00|000065.60|||                                                                                                                                                                                                                                                                                                                                                                                                                                                      
175000802590|0580||T1019|1C||||20130501|000004.00|000065.60|||                                                                                                                                                                                                                                                                                                                                                                                                                                                      
175000802590|0580||T1019|1C||||20130502|000004.00|000065.60|||                                                                                                                                                                                                                                                                                                                                                                                                                                                      
175000802590|0580||T1019|1C||||20130503|000004.00|000065.60|||                                                                                                                                                                                                                                                                                                                                                                                                                                                      
175000802591|0580||T1019|1C|1F|||20130503|000001.00|000225.00|||                                                                                                                                                                                                                                                                                                                                                                                                                                                    
175000802592|0580||T1019|1C||||20130427|000008.00|000131.20|||                                                                                                                                                                                                                                                                                                                                                                                                                                                      
175000802592|0580||T1019|1C||||20130428|000008.00|000131.20|||                                                                                                                                                                                                                                                                                                                                                                                                                                                      
175000802592|0580||T1019|1C||||20130429|000008.00|000131.20|||                                                                                                                                                                                                                                                                                                                                                                                                                                                      
175000802592|0580||T1019|1C||||20130430|000008.00|000131.20|||                                                                                                                                                                                                                                                                                                                                                                                                                                                      
175000802592|0580||T1019|1C||||20130501|000008.00|000131.20|||                                                                                                                                                                                                                                                                                                                                                                                                                                                      
175000802592|0580||T1019|1C||||20130502|000008.00|000131.20|||                                                                                                                                                                                                                                                                                                                                                                                                                                                      
175000802592|0580||T1019|1C||||20130503|000008.00|000131.20|||                                                                                                                                                                                                                                                                                                                                                                                                                                                      
