175000669699|0580||T1019|||||20130311|000024.00|000101.28|||                                                                                                                                                                                                                                                                                                                                                                                                                                                        
175000669699|0580||T1019|||||20130312|000024.00|000101.28|||                                                                                                                                                                                                                                                                                                                                                                                                                                                        
175000669699|0580||T1019|||||20130313|000024.00|000101.28|||                                                                                                                                                                                                                                                                                                                                                                                                                                                        
175000669699|0580||T1019|||||20130314|000024.00|000101.28|||                                                                                                                                                                                                                                                                                                                                                                                                                                                        
175000669699|0580||T1019|||||20130315|000024.00|000101.28|||                                                                                                                                                                                                                                                                                                                                                                                                                                                        
175000669700|0580||T1019|||||20130311|000032.00|000135.04|||                                                                                                                                                                                                                                                                                                                                                                                                                                                        
175000669700|0580||T1019|||||20130312|000032.00|000135.04|||                                                                                                                                                                                                                                                                                                                                                                                                                                                        
175000669700|0580||T1019|||||20130313|000032.00|000135.04|||                                                                                                                                                                                                                                                                                                                                                                                                                                                        
175000669700|0580||T1019|||||20130314|000032.00|000135.04|||                                                                                                                                                                                                                                                                                                                                                                                                                                                        
175000669700|0580||T1019|||||20130315|000032.00|000135.04|||                                                                                                                                                                                                                                                                                                                                                                                                                                                        
175000669701|0580||T1019|||||20130309|000048.00|000202.56|||                                                                                                                                                                                                                                                                                                                                                                                                                                                        
175000669701|0580||T1019|||||20130310|000048.00|000202.56|||                                                                                                                                                                                                                                                                                                                                                                                                                                                        
175000669701|0580||T1019|||||20130311|000048.00|000202.56|||                                                                                                                                                                                                                                                                                                                                                                                                                                                        
175000669701|0580||T1019|||||20130312|000048.00|000202.56|||                                                                                                                                                                                                                                                                                                                                                                                                                                                        
175000669701|0580||T1019|||||20130313|000048.00|000202.56|||                                                                                                                                                                                                                                                                                                                                                                                                                                                        
175000669701|0580||T1019|||||20130314|000048.00|000202.56|||                                                                                                                                                                                                                                                                                                                                                                                                                                                        
175000669701|0580||T1019|||||20130315|000048.00|000202.56|||                                                                                                                                                                                                                                                                                                                                                                                                                                                        
175000669702|0572||G0156|||||20130309|000012.00|000171.00|||                                                                                                                                                                                                                                                                                                                                                                                                                                                        
175000669702|0572||G0156|||||20130311|000012.00|000171.00|||                                                                                                                                                                                                                                                                                                                                                                                                                                                        
175000669702|0572||G0156|||||20130312|000011.50|000163.88|||                                                                                                                                                                                                                                                                                                                                                                                                                                                        
175000669702|0572||G0156|||||20130313|000012.00|000171.00|||                                                                                                                                                                                                                                                                                                                                                                                                                                                        
175000669702|0572||G0156|||||20130314|000006.00|000085.50|||                                                                                                                                                                                                                                                                                                                                                                                                                                                        
175000669702|0572||G0156|||||20130315|000012.00|000171.00|||                                                                                                                                                                                                                                                                                                                                                                                                                                                        
175000669703|0580||T1019|||||20130311|000016.00|000067.52|||                                                                                                                                                                                                                                                                                                                                                                                                                                                        
175000669703|0580||T1019|||||20130312|000016.00|000067.52|||                                                                                                                                                                                                                                                                                                                                                                                                                                                        
175000669703|0580||T1019|||||20130313|000016.00|000067.52|||                                                                                                                                                                                                                                                                                                                                                                                                                                                        
175000669703|0580||T1019|||||20130314|000016.00|000067.52|||                                                                                                                                                                                                                                                                                                                                                                                                                                                        
175000669703|0580||T1019|||||20130315|000016.00|000067.52|||                                                                                                                                                                                                                                                                                                                                                                                                                                                        
175000669704|0580||T1019|||||20130309|000036.00|000151.92|||                                                                                                                                                                                                                                                                                                                                                                                                                                                        
175000669704|0580||T1019|||||20130310|000036.00|000151.92|||                                                                                                                                                                                                                                                                                                                                                                                                                                                        
175000669704|0580||T1019|||||20130311|000036.00|000151.92|||                                                                                                                                                                                                                                                                                                                                                                                                                                                        
175000669704|0580||T1019|||||20130312|000036.00|000151.92|||                                                                                                                                                                                                                                                                                                                                                                                                                                                        
175000669704|0580||T1019|||||20130313|000036.00|000151.92|||                                                                                                                                                                                                                                                                                                                                                                                                                                                        
175000669704|0580||T1019|||||20130314|000036.00|000151.92|||                                                                                                                                                                                                                                                                                                                                                                                                                                                        
175000669705|0580||T1019|||||20130309|000028.00|000118.16|||                                                                                                                                                                                                                                                                                                                                                                                                                                                        
175000669705|0580||T1019|||||20130310|000027.00|000113.94|||                                                                                                                                                                                                                                                                                                                                                                                                                                                        
175000669705|0580||T1019|||||20130311|000028.00|000118.16|||                                                                                                                                                                                                                                                                                                                                                                                                                                                        
175000669705|0580||T1019|||||20130312|000028.00|000118.16|||                                                                                                                                                                                                                                                                                                                                                                                                                                                        
175000669705|0580||T1019|||||20130313|000028.00|000118.16|||                                                                                                                                                                                                                                                                                                                                                                                                                                                        
175000669705|0580||T1019|||||20130314|000028.00|000118.16|||                                                                                                                                                                                                                                                                                                                                                                                                                                                        
175000669705|0580||T1019|||||20130315|000028.00|000118.16|||                                                                                                                                                                                                                                                                                                                                                                                                                                                        
175000669706|0580||T1019|||||20130309|000048.00|000202.56|||                                                                                                                                                                                                                                                                                                                                                                                                                                                        
175000669706|0580||T1019|||||20130310|000048.00|000202.56|||                                                                                                                                                                                                                                                                                                                                                                                                                                                        
175000669706|0580||T1019|||||20130311|000048.00|000202.56|||                                                                                                                                                                                                                                                                                                                                                                                                                                                        
175000669706|0580||T1019|||||20130312|000048.00|000202.56|||                                                                                                                                                                                                                                                                                                                                                                                                                                                        
175000669706|0580||T1019|||||20130313|000048.00|000202.56|||                                                                                                                                                                                                                                                                                                                                                                                                                                                        
175000669706|0580||T1019|||||20130314|000048.00|000202.56|||                                                                                                                                                                                                                                                                                                                                                                                                                                                        
175000669706|0580||T1019|||||20130315|000048.00|000202.56|||                                                                                                                                                                                                                                                                                                                                                                                                                                                        
175000669707|0580||T1019|||||20130309|000024.00|000101.28|||                                                                                                                                                                                                                                                                                                                                                                                                                                                        
175000669707|0580||T1019|||||20130310|000024.00|000101.28|||                                                                                                                                                                                                                                                                                                                                                                                                                                                        
175000669707|0580||T1019|||||20130311|000024.00|000101.28|||                                                                                                                                                                                                                                                                                                                                                                                                                                                        
175000669707|0580||T1019|||||20130312|000024.00|000101.28|||                                                                                                                                                                                                                                                                                                                                                                                                                                                        
175000669707|0580||T1019|||||20130313|000024.00|000101.28|||                                                                                                                                                                                                                                                                                                                                                                                                                                                        
175000669707|0580||T1019|||||20130314|000024.00|000101.28|||                                                                                                                                                                                                                                                                                                                                                                                                                                                        
175000669707|0580||T1019|||||20130315|000024.00|000101.28|||                                                                                                                                                                                                                                                                                                                                                                                                                                                        
175000669708|0580||T1019|||||20130312|000016.00|000067.52|||                                                                                                                                                                                                                                                                                                                                                                                                                                                        
175000669708|0580||T1019|||||20130314|000016.00|000067.52|||                                                                                                                                                                                                                                                                                                                                                                                                                                                        
175000669708|0580||T1019|||||20130315|000016.00|000067.52|||                                                                                                                                                                                                                                                                                                                                                                                                                                                        
175000669709|0580||T1019|||||20130309|000048.00|000202.56|||                                                                                                                                                                                                                                                                                                                                                                                                                                                        
175000669709|0580||T1019|||||20130310|000048.00|000202.56|||                                                                                                                                                                                                                                                                                                                                                                                                                                                        
175000669709|0580||T1019|||||20130311|000048.00|000202.56|||                                                                                                                                                                                                                                                                                                                                                                                                                                                        
175000669709|0580||T1019|||||20130312|000048.00|000202.56|||                                                                                                                                                                                                                                                                                                                                                                                                                                                        
175000669709|0580||T1019|||||20130313|000048.00|000202.56|||                                                                                                                                                                                                                                                                                                                                                                                                                                                        
175000669709|0580||T1019|||||20130314|000020.00|000084.40|||                                                                                                                                                                                                                                                                                                                                                                                                                                                        
175000669709|0580||T1019|||||20130315|000048.00|000202.56|||                                                                                                                                                                                                                                                                                                                                                                                                                                                        
175000669710|0580||T1019|||||20130309|000032.00|000135.04|||                                                                                                                                                                                                                                                                                                                                                                                                                                                        
175000669710|0580||T1019|||||20130310|000032.00|000135.04|||                                                                                                                                                                                                                                                                                                                                                                                                                                                        
175000669710|0580||T1019|||||20130311|000032.00|000135.04|||                                                                                                                                                                                                                                                                                                                                                                                                                                                        
175000669710|0580||T1019|||||20130312|000032.00|000135.04|||                                                                                                                                                                                                                                                                                                                                                                                                                                                        
175000669710|0580||T1019|||||20130313|000032.00|000135.04|||                                                                                                                                                                                                                                                                                                                                                                                                                                                        
175000669710|0580||T1019|||||20130314|000032.00|000135.04|||                                                                                                                                                                                                                                                                                                                                                                                                                                                        
175000669710|0580||T1019|||||20130315|000032.00|000135.04|||                                                                                                                                                                                                                                                                                                                                                                                                                                                        
175000669711|0580||T1019|||||20130311|000020.00|000084.40|||                                                                                                                                                                                                                                                                                                                                                                                                                                                        
175000669711|0580||T1019|||||20130312|000020.00|000084.40|||                                                                                                                                                                                                                                                                                                                                                                                                                                                        
175000669711|0580||T1019|||||20130313|000020.00|000084.40|||                                                                                                                                                                                                                                                                                                                                                                                                                                                        
175000669711|0580||T1019|||||20130314|000020.00|000084.40|||                                                                                                                                                                                                                                                                                                                                                                                                                                                        
175000669711|0580||T1019|||||20130315|000020.00|000084.40|||                                                                                                                                                                                                                                                                                                                                                                                                                                                        
175000669712|0580||T1019|||||20130311|000040.00|000168.80|||                                                                                                                                                                                                                                                                                                                                                                                                                                                        
175000669712|0580||T1019|||||20130312|000040.00|000168.80|||                                                                                                                                                                                                                                                                                                                                                                                                                                                        
175000669712|0580||T1019|||||20130314|000040.00|000168.80|||                                                                                                                                                                                                                                                                                                                                                                                                                                                        
175000669713|0580||T1019|||||20130309|000020.00|000084.40|||                                                                                                                                                                                                                                                                                                                                                                                                                                                        
175000669713|0580||T1019|||||20130310|000020.00|000084.40|||                                                                                                                                                                                                                                                                                                                                                                                                                                                        
175000669713|0580||T1019|||||20130311|000020.00|000084.40|||                                                                                                                                                                                                                                                                                                                                                                                                                                                        
175000669713|0580||T1019|||||20130312|000020.00|000084.40|||                                                                                                                                                                                                                                                                                                                                                                                                                                                        
175000669713|0580||T1019|||||20130313|000020.00|000084.40|||                                                                                                                                                                                                                                                                                                                                                                                                                                                        
175000669713|0580||T1019|||||20130314|000020.00|000084.40|||                                                                                                                                                                                                                                                                                                                                                                                                                                                        
175000669713|0580||T1019|||||20130315|000020.00|000084.40|||                                                                                                                                                                                                                                                                                                                                                                                                                                                        
175000669714|0580||T1019|||||20120814|000004.00|000016.88|||                                                                                                                                                                                                                                                                                                                                                                                                                                                        
175000669715|0580||T1019|||||20130315|000020.00|000084.40|||                                                                                                                                                                                                                                                                                                                                                                                                                                                        
175000669716|0580||T1019|||||20130313|000016.00|000067.52|||                                                                                                                                                                                                                                                                                                                                                                                                                                                        
175000669716|0580||T1019|||||20130314|000016.00|000067.52|||                                                                                                                                                                                                                                                                                                                                                                                                                                                        
175000669716|0580||T1019|||||20130315|000016.00|000067.52|||                                                                                                                                                                                                                                                                                                                                                                                                                                                        
175000669769|0580||T1019|||||20130309|000020.00|000084.40|||                                                                                                                                                                                                                                                                                                                                                                                                                                                        
175000669769|0580||T1019|||||20130313|000020.00|000084.40|||                                                                                                                                                                                                                                                                                                                                                                                                                                                        
175000669769|0580||T1019|||||20130314|000020.00|000084.40|||                                                                                                                                                                                                                                                                                                                                                                                                                                                        
175000669769|0580||T1019|||||20130315|000020.00|000084.40|||                                                                                                                                                                                                                                                                                                                                                                                                                                                        
175000669770|0580||T1019|||||20130304|000032.00|000135.04|||                                                                                                                                                                                                                                                                                                                                                                                                                                                        
175000669770|0580||T1019|||||20130308|000032.00|000135.04|||                                                                                                                                                                                                                                                                                                                                                                                                                                                        
175000669770|0580||T1019|||||20130309|000020.00|000084.40|||                                                                                                                                                                                                                                                                                                                                                                                                                                                        
175000669770|0580||T1019|||||20130310|000020.00|000084.40|||                                                                                                                                                                                                                                                                                                                                                                                                                                                        
175000669770|0580||T1019|||||20130311|000032.00|000135.04|||                                                                                                                                                                                                                                                                                                                                                                                                                                                        
175000669770|0580||T1019|||||20130312|000032.00|000135.04|||                                                                                                                                                                                                                                                                                                                                                                                                                                                        
175000669770|0580||T1019|||||20130313|000032.00|000135.04|||                                                                                                                                                                                                                                                                                                                                                                                                                                                        
175000669770|0580||T1019|||||20130314|000032.00|000135.04|||                                                                                                                                                                                                                                                                                                                                                                                                                                                        
175000669770|0580||T1019|||||20130315|000032.00|000135.04|||                                                                                                                                                                                                                                                                                                                                                                                                                                                        
175000669771|0580||T1019|||||20130219|000016.00|000067.52|||                                                                                                                                                                                                                                                                                                                                                                                                                                                        
175000669771|0580||T1019|||||20130221|000016.00|000067.52|||                                                                                                                                                                                                                                                                                                                                                                                                                                                        
175000669772|0580||T1019|||||20130311|000016.00|000067.52|||                                                                                                                                                                                                                                                                                                                                                                                                                                                        
175000669772|0580||T1019|||||20130312|000016.00|000067.52|||                                                                                                                                                                                                                                                                                                                                                                                                                                                        
175000669772|0580||T1019|||||20130313|000016.00|000067.52|||                                                                                                                                                                                                                                                                                                                                                                                                                                                        
175000669772|0580||T1019|||||20130314|000016.00|000067.52|||                                                                                                                                                                                                                                                                                                                                                                                                                                                        
175000669772|0580||T1019|||||20130315|000016.00|000067.52|||                                                                                                                                                                                                                                                                                                                                                                                                                                                        
175000669773|0582||S5130|||||20130314|000016.00|000067.52|||                                                                                                                                                                                                                                                                                                                                                                                                                                                        
175000669773|0582||S5130|||||20130315|000016.00|000067.52|||                                                                                                                                                                                                                                                                                                                                                                                                                                                        
175000669774|0580||T1019|||||20130309|000020.00|000084.40|||                                                                                                                                                                                                                                                                                                                                                                                                                                                        
175000669774|0580||T1019|||||20130310|000020.00|000084.40|||                                                                                                                                                                                                                                                                                                                                                                                                                                                        
175000669774|0580||T1019|||||20130311|000012.00|000050.64|||                                                                                                                                                                                                                                                                                                                                                                                                                                                        
175000669774|0580||T1019|||||20130312|000012.00|000050.64|||                                                                                                                                                                                                                                                                                                                                                                                                                                                        
175000669774|0580||T1019|||||20130313|000012.00|000050.64|||                                                                                                                                                                                                                                                                                                                                                                                                                                                        
175000669774|0580||T1019|||||20130314|000012.00|000050.64|||                                                                                                                                                                                                                                                                                                                                                                                                                                                        
175000669774|0580||T1019|||||20130315|000012.00|000050.64|||                                                                                                                                                                                                                                                                                                                                                                                                                                                        
175000669775|0580||T1019|||||20130309|000028.00|000118.16|||                                                                                                                                                                                                                                                                                                                                                                                                                                                        
175000669775|0580||T1019|||||20130310|000024.00|000101.28|||                                                                                                                                                                                                                                                                                                                                                                                                                                                        
175000669775|0580||T1019|||||20130311|000012.00|000050.64|||                                                                                                                                                                                                                                                                                                                                                                                                                                                        
175000669775|0580||T1019|||||20130312|000012.00|000050.64|||                                                                                                                                                                                                                                                                                                                                                                                                                                                        
175000669775|0580||T1019|||||20130313|000012.00|000050.64|||                                                                                                                                                                                                                                                                                                                                                                                                                                                        
175000669775|0580||T1019|||||20130314|000012.00|000050.64|||                                                                                                                                                                                                                                                                                                                                                                                                                                                        
175000669775|0580||T1019|||||20130315|000012.00|000050.64|||                                                                                                                                                                                                                                                                                                                                                                                                                                                        
175000669776|0580||T1019|||||20130312|000028.00|000105.00|||                                                                                                                                                                                                                                                                                                                                                                                                                                                        
175000669776|0580||T1019|||||20130313|000028.00|000105.00|||                                                                                                                                                                                                                                                                                                                                                                                                                                                        
175000669776|0580||T1019|||||20130314|000028.00|000105.00|||                                                                                                                                                                                                                                                                                                                                                                                                                                                        
175000669776|0580||T1019|||||20130315|000016.00|000060.00|||                                                                                                                                                                                                                                                                                                                                                                                                                                                        
175000669777|0580||T1019|||||20130311|000016.00|000060.00|||                                                                                                                                                                                                                                                                                                                                                                                                                                                        
175000669777|0580||T1019|||||20130312|000016.00|000060.00|||                                                                                                                                                                                                                                                                                                                                                                                                                                                        
175000669777|0580||T1019|||||20130314|000016.00|000060.00|||                                                                                                                                                                                                                                                                                                                                                                                                                                                        
175000669777|0580||T1019|||||20130315|000016.00|000060.00|||                                                                                                                                                                                                                                                                                                                                                                                                                                                        
175000669778|0580||T1019|||||20130301|000016.00|000060.00|||                                                                                                                                                                                                                                                                                                                                                                                                                                                        
175000669778|0580||T1019|||||20130304|000016.00|000060.00|||                                                                                                                                                                                                                                                                                                                                                                                                                                                        
175000669778|0580||T1019|||||20130305|000016.00|000060.00|||                                                                                                                                                                                                                                                                                                                                                                                                                                                        
175000669778|0580||T1019|||||20130307|000016.00|000060.00|||                                                                                                                                                                                                                                                                                                                                                                                                                                                        
175000669778|0580||T1019|||||20130311|000016.00|000060.00|||                                                                                                                                                                                                                                                                                                                                                                                                                                                        
175000669778|0580||T1019|||||20130312|000016.00|000060.00|||                                                                                                                                                                                                                                                                                                                                                                                                                                                        
175000669778|0580||T1019|||||20130314|000016.00|000060.00|||                                                                                                                                                                                                                                                                                                                                                                                                                                                        
175000669779|0580||T1019|||||20130309|000024.00|000090.00|||                                                                                                                                                                                                                                                                                                                                                                                                                                                        
175000669779|0580||T1019|||||20130311|000024.00|000090.00|||                                                                                                                                                                                                                                                                                                                                                                                                                                                        
175000669779|0580||T1019|||||20130312|000024.00|000090.00|||                                                                                                                                                                                                                                                                                                                                                                                                                                                        
175000669779|0580||T1019|||||20130313|000024.00|000090.00|||                                                                                                                                                                                                                                                                                                                                                                                                                                                        
175000669779|0580||T1019|||||20130314|000024.00|000090.00|||                                                                                                                                                                                                                                                                                                                                                                                                                                                        
175000669779|0580||T1019|||||20130315|000024.00|000090.00|||                                                                                                                                                                                                                                                                                                                                                                                                                                                        
175000669780|0580||T1019|||||20130311|000032.00|000120.00|||                                                                                                                                                                                                                                                                                                                                                                                                                                                        
175000669780|0580||T1019|||||20130312|000036.00|000135.00|||                                                                                                                                                                                                                                                                                                                                                                                                                                                        
175000669780|0580||T1019|||||20130313|000032.00|000120.00|||                                                                                                                                                                                                                                                                                                                                                                                                                                                        
175000669780|0580||T1019|||||20130314|000036.00|000135.00|||                                                                                                                                                                                                                                                                                                                                                                                                                                                        
175000669780|0580||T1019|||||20130315|000032.00|000120.00|||                                                                                                                                                                                                                                                                                                                                                                                                                                                        
175000669781|0580||T1019|||||20130311|000016.00|000060.00|||                                                                                                                                                                                                                                                                                                                                                                                                                                                        
175000669781|0580||T1019|||||20130312|000016.00|000060.00|||                                                                                                                                                                                                                                                                                                                                                                                                                                                        
175000669781|0580||T1019|||||20130313|000016.00|000060.00|||                                                                                                                                                                                                                                                                                                                                                                                                                                                        
175000669781|0580||T1019|||||20130314|000016.00|000060.00|||                                                                                                                                                                                                                                                                                                                                                                                                                                                        
175000669781|0580||T1019|||||20130315|000016.00|000060.00|||                                                                                                                                                                                                                                                                                                                                                                                                                                                        
175000669782|0580||T1019|||||20130311|000020.00|000075.00|||                                                                                                                                                                                                                                                                                                                                                                                                                                                        
175000669782|0580||T1019|||||20130312|000020.00|000075.00|||                                                                                                                                                                                                                                                                                                                                                                                                                                                        
175000669782|0580||T1019|||||20130313|000020.00|000075.00|||                                                                                                                                                                                                                                                                                                                                                                                                                                                        
175000669782|0580||T1019|||||20130314|000020.00|000075.00|||                                                                                                                                                                                                                                                                                                                                                                                                                                                        
175000669782|0580||T1019|||||20130315|000020.00|000075.00|||                                                                                                                                                                                                                                                                                                                                                                                                                                                        
175000669783|0580||T1019|||||20130309|000036.00|000151.92|||                                                                                                                                                                                                                                                                                                                                                                                                                                                        
175000669783|0580||T1019|||||20130310|000036.00|000151.92|||                                                                                                                                                                                                                                                                                                                                                                                                                                                        
175000669783|0580||T1019|||||20130311|000036.00|000151.92|||                                                                                                                                                                                                                                                                                                                                                                                                                                                        
175000669783|0580||T1019|||||20130312|000036.00|000151.92|||                                                                                                                                                                                                                                                                                                                                                                                                                                                        
175000669783|0580||T1019|||||20130313|000036.00|000151.92|||                                                                                                                                                                                                                                                                                                                                                                                                                                                        
175000669783|0580||T1019|||||20130314|000036.00|000151.92|||                                                                                                                                                                                                                                                                                                                                                                                                                                                        
175000669783|0580||T1019|||||20130315|000036.00|000151.92|||                                                                                                                                                                                                                                                                                                                                                                                                                                                        
175000669784|0580||T1019|||||20130312|000016.00|000067.52|||                                                                                                                                                                                                                                                                                                                                                                                                                                                        
175000669784|0580||T1019|||||20130313|000016.00|000067.52|||                                                                                                                                                                                                                                                                                                                                                                                                                                                        
175000669784|0580||T1019|||||20130314|000016.00|000067.52|||                                                                                                                                                                                                                                                                                                                                                                                                                                                        
175000669785|0580||T1019|||||20130312|000016.00|000067.52|||                                                                                                                                                                                                                                                                                                                                                                                                                                                        
175000669785|0580||T1019|||||20130313|000012.00|000050.64|||                                                                                                                                                                                                                                                                                                                                                                                                                                                        
175000669785|0580||T1019|||||20130315|000016.00|000067.52|||                                                                                                                                                                                                                                                                                                                                                                                                                                                        
175000669786|0570||T1019|1C||||20130312|000006.00|000098.40|||                                                                                                                                                                                                                                                                                                                                                                                                                                                      
175000669786|0570||T1019|1C||||20130313|000006.00|000098.40|||                                                                                                                                                                                                                                                                                                                                                                                                                                                      
175000669786|0570||T1019|1C||||20130314|000006.00|000098.40|||                                                                                                                                                                                                                                                                                                                                                                                                                                                      
175000669786|0570||T1019|1C||||20130315|000006.00|000098.40|||                                                                                                                                                                                                                                                                                                                                                                                                                                                      
175000669787|0570||T1019|1C||||20130309|000004.00|000065.60|||                                                                                                                                                                                                                                                                                                                                                                                                                                                      
175000669787|0570||T1019|1C||||20130310|000004.00|000065.60|||                                                                                                                                                                                                                                                                                                                                                                                                                                                      
175000669787|0570||T1019|1C||||20130311|000004.00|000065.60|||                                                                                                                                                                                                                                                                                                                                                                                                                                                      
175000669787|0570||T1019|1C||||20130312|000004.00|000065.60|||                                                                                                                                                                                                                                                                                                                                                                                                                                                      
175000669787|0570||T1019|1C||||20130313|000004.00|000065.60|||                                                                                                                                                                                                                                                                                                                                                                                                                                                      
175000669787|0570||T1019|1C||||20130314|000004.00|000065.60|||                                                                                                                                                                                                                                                                                                                                                                                                                                                      
175000669787|0570||T1019|1C||||20130315|000004.00|000065.60|||                                                                                                                                                                                                                                                                                                                                                                                                                                                      
175000669788|0570||T1019|1C||||20130311|000004.00|000065.60|||                                                                                                                                                                                                                                                                                                                                                                                                                                                      
175000669788|0570||T1019|1C||||20130312|000004.00|000065.60|||                                                                                                                                                                                                                                                                                                                                                                                                                                                      
175000669788|0570||T1019|1C||||20130313|000004.00|000065.60|||                                                                                                                                                                                                                                                                                                                                                                                                                                                      
175000669788|0570||T1019|1C||||20130314|000004.00|000065.60|||                                                                                                                                                                                                                                                                                                                                                                                                                                                      
175000669788|0570||T1019|1C||||20130315|000004.00|000065.60|||                                                                                                                                                                                                                                                                                                                                                                                                                                                      
