175000790514|0580||T1019|||||20130318|000024.00|000101.28|||                                                                                                                                                                                                                                                                                                                                                                                                                                                        
175000790514|0580||T1019|||||20130319|000024.00|000101.28|||                                                                                                                                                                                                                                                                                                                                                                                                                                                        
175000790514|0580||T1019|||||20130320|000024.00|000101.28|||                                                                                                                                                                                                                                                                                                                                                                                                                                                        
175000790514|0580||T1019|||||20130321|000024.00|000101.28|||                                                                                                                                                                                                                                                                                                                                                                                                                                                        
175000790514|0580||T1019|||||20130322|000024.00|000101.28|||                                                                                                                                                                                                                                                                                                                                                                                                                                                        
175000790515|0580||T1019|||||20130415|000024.00|000101.28|||                                                                                                                                                                                                                                                                                                                                                                                                                                                        
175000790515|0580||T1019|||||20130416|000024.00|000101.28|||                                                                                                                                                                                                                                                                                                                                                                                                                                                        
175000790515|0580||T1019|||||20130417|000024.00|000101.28|||                                                                                                                                                                                                                                                                                                                                                                                                                                                        
175000790515|0580||T1019|||||20130418|000024.00|000101.28|||                                                                                                                                                                                                                                                                                                                                                                                                                                                        
175000790515|0580||T1019|||||20130419|000024.00|000101.28|||                                                                                                                                                                                                                                                                                                                                                                                                                                                        
175000790516|0580||T1019|||||20130316|000024.00|000101.28|||                                                                                                                                                                                                                                                                                                                                                                                                                                                        
175000790516|0580||T1019|||||20130317|000024.00|000101.28|||                                                                                                                                                                                                                                                                                                                                                                                                                                                        
175000790516|0580||T1019|||||20130318|000024.00|000101.28|||                                                                                                                                                                                                                                                                                                                                                                                                                                                        
175000790516|0580||T1019|||||20130319|000024.00|000101.28|||                                                                                                                                                                                                                                                                                                                                                                                                                                                        
175000790516|0580||T1019|||||20130321|000024.00|000101.28|||                                                                                                                                                                                                                                                                                                                                                                                                                                                        
175000790516|0580||T1019|||||20130322|000016.00|000067.52|||                                                                                                                                                                                                                                                                                                                                                                                                                                                        
175000790517|0580||T1019|||||20130413|000024.00|000101.28|||                                                                                                                                                                                                                                                                                                                                                                                                                                                        
175000790517|0580||T1019|||||20130414|000024.00|000101.28|||                                                                                                                                                                                                                                                                                                                                                                                                                                                        
175000790517|0580||T1019|||||20130415|000024.00|000101.28|||                                                                                                                                                                                                                                                                                                                                                                                                                                                        
175000790517|0580||T1019|||||20130416|000024.00|000101.28|||                                                                                                                                                                                                                                                                                                                                                                                                                                                        
175000790517|0580||T1019|||||20130417|000024.00|000101.28|||                                                                                                                                                                                                                                                                                                                                                                                                                                                        
175000790517|0580||T1019|||||20130418|000024.00|000101.28|||                                                                                                                                                                                                                                                                                                                                                                                                                                                        
175000790517|0580||T1019|||||20130419|000024.00|000101.28|||                                                                                                                                                                                                                                                                                                                                                                                                                                                        
175000790518|0580||T1019|||||20130318|000040.00|000168.80|||                                                                                                                                                                                                                                                                                                                                                                                                                                                        
175000790518|0580||T1019|||||20130320|000040.00|000168.80|||                                                                                                                                                                                                                                                                                                                                                                                                                                                        
175000790518|0580||T1019|||||20130321|000040.00|000168.80|||                                                                                                                                                                                                                                                                                                                                                                                                                                                        
175000790519|0580||T1019|||||20130415|000040.00|000168.80|||                                                                                                                                                                                                                                                                                                                                                                                                                                                        
175000790520|0580||T1019|||||20130416|000040.00|000168.80|||                                                                                                                                                                                                                                                                                                                                                                                                                                                        
175000790520|0580||T1019|||||20130417|000040.00|000168.80|||                                                                                                                                                                                                                                                                                                                                                                                                                                                        
