175001121081|0580||T1019|||||20130622|000048.00|000202.56|||                                                                                                                                                                                                                                                                                                                                                                                                                                                        
175001121081|0580||T1019|||||20130623|000048.00|000202.56|||                                                                                                                                                                                                                                                                                                                                                                                                                                                        
175001121081|0580||T1019|||||20130624|000048.00|000202.56|||                                                                                                                                                                                                                                                                                                                                                                                                                                                        
175001121081|0580||T1019|||||20130625|000048.00|000202.56|||                                                                                                                                                                                                                                                                                                                                                                                                                                                        
175001121081|0580||T1019|||||20130626|000048.00|000202.56|||                                                                                                                                                                                                                                                                                                                                                                                                                                                        
175001121081|0580||T1019|||||20130627|000048.00|000202.56|||                                                                                                                                                                                                                                                                                                                                                                                                                                                        
175001121081|0580||T1019|||||20130628|000048.00|000202.56|||                                                                                                                                                                                                                                                                                                                                                                                                                                                        
175001121082|0580||T1019|||||20130622|000048.00|000202.56|||                                                                                                                                                                                                                                                                                                                                                                                                                                                        
175001121082|0580||T1019|||||20130623|000048.00|000202.56|||                                                                                                                                                                                                                                                                                                                                                                                                                                                        
175001121082|0580||T1019|||||20130624|000048.00|000202.56|||                                                                                                                                                                                                                                                                                                                                                                                                                                                        
175001121082|0580||T1019|||||20130625|000048.00|000202.56|||                                                                                                                                                                                                                                                                                                                                                                                                                                                        
175001121082|0580||T1019|||||20130626|000048.00|000202.56|||                                                                                                                                                                                                                                                                                                                                                                                                                                                        
175001121082|0580||T1019|||||20130627|000048.00|000202.56|||                                                                                                                                                                                                                                                                                                                                                                                                                                                        
175001121082|0580||T1019|||||20130628|000048.00|000202.56|||                                                                                                                                                                                                                                                                                                                                                                                                                                                        
175001121083|0580||T1019|||||20130624|000016.00|000067.52|||                                                                                                                                                                                                                                                                                                                                                                                                                                                        
175001121083|0580||T1019|||||20130625|000016.00|000067.52|||                                                                                                                                                                                                                                                                                                                                                                                                                                                        
175001121083|0580||T1019|||||20130626|000016.00|000067.52|||                                                                                                                                                                                                                                                                                                                                                                                                                                                        
175001121083|0580||T1019|||||20130628|000016.00|000067.52|||                                                                                                                                                                                                                                                                                                                                                                                                                                                        
175001121084|0580||T1019|||||20130622|000036.00|000151.92|||                                                                                                                                                                                                                                                                                                                                                                                                                                                        
175001121084|0580||T1019|||||20130623|000036.00|000151.92|||                                                                                                                                                                                                                                                                                                                                                                                                                                                        
175001121084|0580||T1019|||||20130624|000036.00|000151.92|||                                                                                                                                                                                                                                                                                                                                                                                                                                                        
175001121084|0580||T1019|||||20130625|000036.00|000151.92|||                                                                                                                                                                                                                                                                                                                                                                                                                                                        
175001121084|0580||T1019|||||20130626|000036.00|000151.92|||                                                                                                                                                                                                                                                                                                                                                                                                                                                        
175001121084|0580||T1019|||||20130627|000036.00|000151.92|||                                                                                                                                                                                                                                                                                                                                                                                                                                                        
175001121084|0580||T1019|||||20130628|000036.00|000151.92|||                                                                                                                                                                                                                                                                                                                                                                                                                                                        
175001121085|0580||T1019|||||20130622|000028.00|000118.16|||                                                                                                                                                                                                                                                                                                                                                                                                                                                        
175001121085|0580||T1019|||||20130623|000028.00|000118.16|||                                                                                                                                                                                                                                                                                                                                                                                                                                                        
175001121085|0580||T1019|||||20130624|000028.00|000118.16|||                                                                                                                                                                                                                                                                                                                                                                                                                                                        
175001121085|0580||T1019|||||20130625|000028.00|000118.16|||                                                                                                                                                                                                                                                                                                                                                                                                                                                        
175001121085|0580||T1019|||||20130626|000028.00|000118.16|||                                                                                                                                                                                                                                                                                                                                                                                                                                                        
175001121085|0580||T1019|||||20130627|000028.00|000118.16|||                                                                                                                                                                                                                                                                                                                                                                                                                                                        
175001121085|0580||T1019|||||20130628|000028.00|000118.16|||                                                                                                                                                                                                                                                                                                                                                                                                                                                        
175001121086|0580||T1020|||||20130621|000001.00|000185.00|||                                                                                                                                                                                                                                                                                                                                                                                                                                                        
175001121086|0580||T1020|||||20130622|000001.00|000185.00|||                                                                                                                                                                                                                                                                                                                                                                                                                                                        
175001121087|0580||T1019|||||20130623|000048.00|000202.56|||                                                                                                                                                                                                                                                                                                                                                                                                                                                        
175001121087|0580||T1019|||||20130624|000048.00|000202.56|||                                                                                                                                                                                                                                                                                                                                                                                                                                                        
175001121087|0580||T1019|||||20130625|000048.00|000202.56|||                                                                                                                                                                                                                                                                                                                                                                                                                                                        
175001121087|0580||T1019|||||20130626|000048.00|000202.56|||                                                                                                                                                                                                                                                                                                                                                                                                                                                        
175001121087|0580||T1019|||||20130627|000048.00|000202.56|||                                                                                                                                                                                                                                                                                                                                                                                                                                                        
175001121087|0580||T1019|||||20130628|000048.00|000202.56|||                                                                                                                                                                                                                                                                                                                                                                                                                                                        
175001121088|0580||T1019|||||20130622|000024.00|000101.28|||                                                                                                                                                                                                                                                                                                                                                                                                                                                        
175001121088|0580||T1019|||||20130623|000024.00|000101.28|||                                                                                                                                                                                                                                                                                                                                                                                                                                                        
175001121088|0580||T1019|||||20130624|000024.00|000101.28|||                                                                                                                                                                                                                                                                                                                                                                                                                                                        
175001121088|0580||T1019|||||20130626|000024.00|000101.28|||                                                                                                                                                                                                                                                                                                                                                                                                                                                        
175001121088|0580||T1019|||||20130627|000024.00|000101.28|||                                                                                                                                                                                                                                                                                                                                                                                                                                                        
175001121088|0580||T1019|||||20130628|000024.00|000101.28|||                                                                                                                                                                                                                                                                                                                                                                                                                                                        
175001121089|0580||T1019|||||20130624|000016.00|000067.52|||                                                                                                                                                                                                                                                                                                                                                                                                                                                        
175001121089|0580||T1019|||||20130626|000016.00|000067.52|||                                                                                                                                                                                                                                                                                                                                                                                                                                                        
175001121089|0580||T1019|||||20130628|000016.00|000067.52|||                                                                                                                                                                                                                                                                                                                                                                                                                                                        
175001121090|0580||T1019|||||20130627|000016.00|000067.52|||                                                                                                                                                                                                                                                                                                                                                                                                                                                        
175001121091|0580||T1019|||||20130622|000032.00|000135.04|||                                                                                                                                                                                                                                                                                                                                                                                                                                                        
175001121091|0580||T1019|||||20130623|000032.00|000135.04|||                                                                                                                                                                                                                                                                                                                                                                                                                                                        
175001121091|0580||T1019|||||20130624|000032.00|000135.04|||                                                                                                                                                                                                                                                                                                                                                                                                                                                        
175001121091|0580||T1019|||||20130625|000032.00|000135.04|||                                                                                                                                                                                                                                                                                                                                                                                                                                                        
175001121091|0580||T1019|||||20130627|000032.00|000135.04|||                                                                                                                                                                                                                                                                                                                                                                                                                                                        
175001121091|0580||T1019|||||20130628|000032.00|000135.04|||                                                                                                                                                                                                                                                                                                                                                                                                                                                        
175001121092|0580||T1019|||||20130622|000016.00|000067.52|||                                                                                                                                                                                                                                                                                                                                                                                                                                                        
175001121092|0580||T1019|||||20130623|000016.00|000067.52|||                                                                                                                                                                                                                                                                                                                                                                                                                                                        
175001121092|0580||T1019|||||20130624|000016.00|000067.52|||                                                                                                                                                                                                                                                                                                                                                                                                                                                        
175001121092|0580||T1019|||||20130625|000016.00|000067.52|||                                                                                                                                                                                                                                                                                                                                                                                                                                                        
175001121092|0580||T1019|||||20130626|000016.00|000067.52|||                                                                                                                                                                                                                                                                                                                                                                                                                                                        
175001121092|0580||T1019|||||20130627|000016.00|000067.52|||                                                                                                                                                                                                                                                                                                                                                                                                                                                        
175001121092|0580||T1019|||||20130628|000016.00|000067.52|||                                                                                                                                                                                                                                                                                                                                                                                                                                                        
175001121093|0580||T1019|||||20130626|000040.00|000168.80|||                                                                                                                                                                                                                                                                                                                                                                                                                                                        
175001121093|0580||T1019|||||20130627|000040.00|000168.80|||                                                                                                                                                                                                                                                                                                                                                                                                                                                        
175001121094|0580||T1019|||||20130604|000040.00|000168.80|||                                                                                                                                                                                                                                                                                                                                                                                                                                                        
175001121094|0580||T1019|||||20130611|000040.00|000168.80|||                                                                                                                                                                                                                                                                                                                                                                                                                                                        
175001121094|0580||T1019|||||20130624|000040.00|000168.80|||                                                                                                                                                                                                                                                                                                                                                                                                                                                        
175001121094|0580||T1019|||||20130625|000040.00|000168.80|||                                                                                                                                                                                                                                                                                                                                                                                                                                                        
175001121094|0580||T1019|||||20130626|000040.00|000168.80|||                                                                                                                                                                                                                                                                                                                                                                                                                                                        
175001121094|0580||T1019|||||20130627|000040.00|000168.80|||                                                                                                                                                                                                                                                                                                                                                                                                                                                        
175001121095|0580||T1019|||||20130628|000020.00|000084.40|||                                                                                                                                                                                                                                                                                                                                                                                                                                                        
175001121096|0580||T1019|||||20130624|000016.00|000067.52|||                                                                                                                                                                                                                                                                                                                                                                                                                                                        
175001121096|0580||T1019|||||20130625|000016.00|000067.52|||                                                                                                                                                                                                                                                                                                                                                                                                                                                        
175001121096|0580||T1019|||||20130626|000016.00|000067.52|||                                                                                                                                                                                                                                                                                                                                                                                                                                                        
175001121096|0580||T1019|||||20130627|000016.00|000067.52|||                                                                                                                                                                                                                                                                                                                                                                                                                                                        
175001121155|0580||T1019|||||20130624|000020.00|000084.40|||                                                                                                                                                                                                                                                                                                                                                                                                                                                        
175001121155|0580||T1019|||||20130625|000020.00|000084.40|||                                                                                                                                                                                                                                                                                                                                                                                                                                                        
175001121155|0580||T1019|||||20130626|000020.00|000084.40|||                                                                                                                                                                                                                                                                                                                                                                                                                                                        
175001121155|0580||T1019|||||20130628|000020.00|000084.40|||                                                                                                                                                                                                                                                                                                                                                                                                                                                        
175001121156|0580||T1019|||||20130622|000040.00|000168.80|||                                                                                                                                                                                                                                                                                                                                                                                                                                                        
175001121156|0580||T1019|||||20130623|000040.00|000168.80|||                                                                                                                                                                                                                                                                                                                                                                                                                                                        
175001121156|0580||T1019|||||20130624|000032.00|000135.04|||                                                                                                                                                                                                                                                                                                                                                                                                                                                        
175001121156|0580||T1019|||||20130625|000032.00|000135.04|||                                                                                                                                                                                                                                                                                                                                                                                                                                                        
175001121156|0580||T1019|||||20130626|000032.00|000135.04|||                                                                                                                                                                                                                                                                                                                                                                                                                                                        
175001121156|0580||T1019|||||20130628|000032.00|000135.04|||                                                                                                                                                                                                                                                                                                                                                                                                                                                        
175001121157|0580||T1019|||||20130615|000020.00|000075.00|||                                                                                                                                                                                                                                                                                                                                                                                                                                                        
175001121157|0580||T1019|||||20130616|000020.00|000075.00|||                                                                                                                                                                                                                                                                                                                                                                                                                                                        
175001121157|0580||T1019|||||20130617|000028.00|000105.00|||                                                                                                                                                                                                                                                                                                                                                                                                                                                        
175001121157|0580||T1019|||||20130618|000028.00|000105.00|||                                                                                                                                                                                                                                                                                                                                                                                                                                                        
175001121157|0580||T1019|||||20130619|000028.00|000105.00|||                                                                                                                                                                                                                                                                                                                                                                                                                                                        
175001121157|0580||T1019|||||20130620|000028.00|000105.00|||                                                                                                                                                                                                                                                                                                                                                                                                                                                        
175001121157|0580||T1019|||||20130621|000028.00|000105.00|||                                                                                                                                                                                                                                                                                                                                                                                                                                                        
175001121157|0580||T1019|||||20130622|000020.00|000075.00|||                                                                                                                                                                                                                                                                                                                                                                                                                                                        
175001121157|0580||T1019|||||20130623|000020.00|000075.00|||                                                                                                                                                                                                                                                                                                                                                                                                                                                        
175001121157|0580||T1019|||||20130624|000028.00|000105.00|||                                                                                                                                                                                                                                                                                                                                                                                                                                                        
175001121157|0580||T1019|||||20130625|000028.00|000105.00|||                                                                                                                                                                                                                                                                                                                                                                                                                                                        
175001121157|0580||T1019|||||20130626|000028.00|000105.00|||                                                                                                                                                                                                                                                                                                                                                                                                                                                        
175001121157|0580||T1019|||||20130627|000028.00|000105.00|||                                                                                                                                                                                                                                                                                                                                                                                                                                                        
175001121157|0580||T1019|||||20130628|000028.00|000105.00|||                                                                                                                                                                                                                                                                                                                                                                                                                                                        
175001121158|0580||T1019|||||20130624|000028.00|000105.00|||                                                                                                                                                                                                                                                                                                                                                                                                                                                        
175001121158|0580||T1019|||||20130626|000028.00|000105.00|||                                                                                                                                                                                                                                                                                                                                                                                                                                                        
175001121158|0580||T1019|||||20130627|000028.00|000105.00|||                                                                                                                                                                                                                                                                                                                                                                                                                                                        
175001121158|0580||T1019|||||20130628|000016.00|000060.00|||                                                                                                                                                                                                                                                                                                                                                                                                                                                        
175001121159|0580||T1019|||||20130622|000024.00|000090.00|||                                                                                                                                                                                                                                                                                                                                                                                                                                                        
175001121159|0580||T1019|||||20130624|000024.00|000090.00|||                                                                                                                                                                                                                                                                                                                                                                                                                                                        
175001121159|0580||T1019|||||20130625|000024.00|000090.00|||                                                                                                                                                                                                                                                                                                                                                                                                                                                        
175001121159|0580||T1019|||||20130626|000024.00|000090.00|||                                                                                                                                                                                                                                                                                                                                                                                                                                                        
175001121159|0580||T1019|||||20130627|000024.00|000090.00|||                                                                                                                                                                                                                                                                                                                                                                                                                                                        
175001121159|0580||T1019|||||20130628|000024.00|000090.00|||                                                                                                                                                                                                                                                                                                                                                                                                                                                        
175001121160|0580||T1019|||||20130624|000032.00|000120.00|||                                                                                                                                                                                                                                                                                                                                                                                                                                                        
175001121160|0580||T1019|||||20130625|000036.00|000135.00|||                                                                                                                                                                                                                                                                                                                                                                                                                                                        
175001121160|0580||T1019|||||20130626|000032.00|000120.00|||                                                                                                                                                                                                                                                                                                                                                                                                                                                        
175001121160|0580||T1019|||||20130627|000036.00|000135.00|||                                                                                                                                                                                                                                                                                                                                                                                                                                                        
175001121160|0580||T1019|||||20130628|000032.00|000120.00|||                                                                                                                                                                                                                                                                                                                                                                                                                                                        
175001121161|0580||T1019|||||20130624|000016.00|000060.00|||                                                                                                                                                                                                                                                                                                                                                                                                                                                        
175001121161|0580||T1019|||||20130625|000016.00|000060.00|||                                                                                                                                                                                                                                                                                                                                                                                                                                                        
175001121161|0580||T1019|||||20130626|000016.00|000060.00|||                                                                                                                                                                                                                                                                                                                                                                                                                                                        
175001121161|0580||T1019|||||20130627|000016.00|000060.00|||                                                                                                                                                                                                                                                                                                                                                                                                                                                        
175001121161|0580||T1019|||||20130628|000016.00|000060.00|||                                                                                                                                                                                                                                                                                                                                                                                                                                                        
175001121162|0580||T1019|||||20130624|000016.00|000060.00|||                                                                                                                                                                                                                                                                                                                                                                                                                                                        
175001121162|0580||T1019|||||20130625|000016.00|000060.00|||                                                                                                                                                                                                                                                                                                                                                                                                                                                        
175001121162|0580||T1019|||||20130626|000016.00|000060.00|||                                                                                                                                                                                                                                                                                                                                                                                                                                                        
175001121162|0580||T1019|||||20130627|000016.00|000060.00|||                                                                                                                                                                                                                                                                                                                                                                                                                                                        
175001121162|0580||T1019|||||20130628|000016.00|000060.00|||                                                                                                                                                                                                                                                                                                                                                                                                                                                        
175001121163|0580||T1019|||||20130624|000020.00|000075.00|||                                                                                                                                                                                                                                                                                                                                                                                                                                                        
175001121163|0580||T1019|||||20130625|000020.00|000075.00|||                                                                                                                                                                                                                                                                                                                                                                                                                                                        
175001121163|0580||T1019|||||20130626|000020.00|000075.00|||                                                                                                                                                                                                                                                                                                                                                                                                                                                        
175001121163|0580||T1019|||||20130627|000020.00|000075.00|||                                                                                                                                                                                                                                                                                                                                                                                                                                                        
175001121163|0580||T1019|||||20130628|000020.00|000075.00|||                                                                                                                                                                                                                                                                                                                                                                                                                                                        
175001121164|0580||T1019|||||20130622|000036.00|000151.92|||                                                                                                                                                                                                                                                                                                                                                                                                                                                        
175001121164|0580||T1019|||||20130623|000036.00|000151.92|||                                                                                                                                                                                                                                                                                                                                                                                                                                                        
175001121165|0580||T1019|||||20130625|000016.00|000067.52|||                                                                                                                                                                                                                                                                                                                                                                                                                                                        
175001121165|0580||T1019|||||20130626|000016.00|000067.52|||                                                                                                                                                                                                                                                                                                                                                                                                                                                        
175001121165|0580||T1019|||||20130628|000016.00|000067.52|||                                                                                                                                                                                                                                                                                                                                                                                                                                                        
175001121166|0580||T1019|1C||||20130624|000006.00|000098.40|||                                                                                                                                                                                                                                                                                                                                                                                                                                                      
175001121166|0580||T1019|1C||||20130625|000006.00|000098.40|||                                                                                                                                                                                                                                                                                                                                                                                                                                                      
175001121166|0580||T1019|1C||||20130626|000006.00|000098.40|||                                                                                                                                                                                                                                                                                                                                                                                                                                                      
175001121166|0580||T1019|1C||||20130627|000006.00|000098.40|||                                                                                                                                                                                                                                                                                                                                                                                                                                                      
175001121166|0580||T1019|1C||||20130628|000006.00|000098.40|||                                                                                                                                                                                                                                                                                                                                                                                                                                                      
175001121167|0580||T1019|1C||||20130622|000004.00|000065.60|||                                                                                                                                                                                                                                                                                                                                                                                                                                                      
175001121167|0580||T1019|1C||||20130623|000004.00|000065.60|||                                                                                                                                                                                                                                                                                                                                                                                                                                                      
175001121167|0580||T1019|1C||||20130624|000004.00|000065.60|||                                                                                                                                                                                                                                                                                                                                                                                                                                                      
175001121167|0580||T1019|1C||||20130625|000004.00|000065.60|||                                                                                                                                                                                                                                                                                                                                                                                                                                                      
175001121167|0580||T1019|1C||||20130626|000004.00|000065.60|||                                                                                                                                                                                                                                                                                                                                                                                                                                                      
175001121167|0580||T1019|1C||||20130627|000004.00|000065.60|||                                                                                                                                                                                                                                                                                                                                                                                                                                                      
175001121167|0580||T1019|1C||||20130628|000004.00|000065.60|||                                                                                                                                                                                                                                                                                                                                                                                                                                                      
175001121168|0580||T1019|1C||||20130624|000004.00|000065.60|||                                                                                                                                                                                                                                                                                                                                                                                                                                                      
175001121168|0580||T1019|1C||||20130625|000004.00|000065.60|||                                                                                                                                                                                                                                                                                                                                                                                                                                                      
175001121168|0580||T1019|1C||||20130626|000004.00|000065.60|||                                                                                                                                                                                                                                                                                                                                                                                                                                                      
175001121168|0580||T1019|1C||||20130627|000004.00|000065.60|||                                                                                                                                                                                                                                                                                                                                                                                                                                                      
175001121168|0580||T1019|1C||||20130628|000004.00|000065.60|||                                                                                                                                                                                                                                                                                                                                                                                                                                                      
175001121169|0580||T1019|1C||||20130624|000006.00|000098.40|||                                                                                                                                                                                                                                                                                                                                                                                                                                                      
175001121169|0580||T1019|1C||||20130625|000006.00|000098.40|||                                                                                                                                                                                                                                                                                                                                                                                                                                                      
175001121169|0580||T1019|1C||||20130626|000006.00|000098.40|||                                                                                                                                                                                                                                                                                                                                                                                                                                                      
175001121169|0580||T1019|1C||||20130627|000006.00|000098.40|||                                                                                                                                                                                                                                                                                                                                                                                                                                                      
175001121169|0580||T1019|1C||||20130628|000006.00|000098.40|||                                                                                                                                                                                                                                                                                                                                                                                                                                                      
175001121170|0580||T1019|1C||||20130605|000012.00|000196.80|||                                                                                                                                                                                                                                                                                                                                                                                                                                                      
175001121171|0580||T1019|1C||||20130624|000024.00|000393.60|||                                                                                                                                                                                                                                                                                                                                                                                                                                                      
175001121171|0580||T1019|1C||||20130625|000024.00|000393.60|||                                                                                                                                                                                                                                                                                                                                                                                                                                                      
175001121171|0580||T1019|1C||||20130626|000024.00|000393.60|||                                                                                                                                                                                                                                                                                                                                                                                                                                                      
175001121171|0580||T1019|1C||||20130627|000023.50|000385.40|||                                                                                                                                                                                                                                                                                                                                                                                                                                                      
175001121171|0580||T1019|1C||||20130628|000024.00|000393.60|||                                                                                                                                                                                                                                                                                                                                                                                                                                                      
175001121172|0580||T1019|1C||||20130622|000011.50|000188.60|||                                                                                                                                                                                                                                                                                                                                                                                                                                                      
175001121172|0580||T1019|1C||||20130623|000011.50|000188.60|||                                                                                                                                                                                                                                                                                                                                                                                                                                                      
175001121172|0580||T1019|1C||||20130624|000012.00|000196.80|||                                                                                                                                                                                                                                                                                                                                                                                                                                                      
175001121172|0580||T1019|1C||||20130625|000012.00|000196.80|||                                                                                                                                                                                                                                                                                                                                                                                                                                                      
175001121172|0580||T1019|1C||||20130626|000012.00|000196.80|||                                                                                                                                                                                                                                                                                                                                                                                                                                                      
175001121172|0580||T1019|1C||||20130627|000012.00|000196.80|||                                                                                                                                                                                                                                                                                                                                                                                                                                                      
175001121172|0580||T1019|1C||||20130628|000012.00|000196.80|||                                                                                                                                                                                                                                                                                                                                                                                                                                                      
175001121173|0580||T1019|1C||||20130622|000008.00|000131.20|||                                                                                                                                                                                                                                                                                                                                                                                                                                                      
175001121173|0580||T1019|1C||||20130623|000008.00|000131.20|||                                                                                                                                                                                                                                                                                                                                                                                                                                                      
175001121173|0580||T1019|1C||||20130624|000008.00|000131.20|||                                                                                                                                                                                                                                                                                                                                                                                                                                                      
175001121173|0580||T1019|1C||||20130625|000008.00|000131.20|||                                                                                                                                                                                                                                                                                                                                                                                                                                                      
175001121173|0580||T1019|1C||||20130626|000008.00|000131.20|||                                                                                                                                                                                                                                                                                                                                                                                                                                                      
175001121173|0580||T1019|1C||||20130627|000008.00|000131.20|||                                                                                                                                                                                                                                                                                                                                                                                                                                                      
175001121173|0580||T1019|1C||||20130628|000008.00|000131.20|||                                                                                                                                                                                                                                                                                                                                                                                                                                                      
