175000545241|0580||T1019|||||20130116|000020.00|000070.00|||                                                                                                                                                                                                                                                                                                                                                                                                                                                        
175000545241|0580||T1019|||||20130117|000019.00|000066.50|||                                                                                                                                                                                                                                                                                                                                                                                                                                                        
175000545241|0580||T1019|||||20130118|000020.00|000070.00|||                                                                                                                                                                                                                                                                                                                                                                                                                                                        
175000545242|0580||T1019|||||20130114|000048.00|000168.00|||                                                                                                                                                                                                                                                                                                                                                                                                                                                        
175000545242|0580||T1019|||||20130115|000048.00|000168.00|||                                                                                                                                                                                                                                                                                                                                                                                                                                                        
175000545242|0580||T1019|||||20130116|000048.00|000168.00|||                                                                                                                                                                                                                                                                                                                                                                                                                                                        
175000545242|0580||T1019|||||20130117|000048.00|000168.00|||                                                                                                                                                                                                                                                                                                                                                                                                                                                        
175000545242|0580||T1019|||||20130118|000048.00|000168.00|||                                                                                                                                                                                                                                                                                                                                                                                                                                                        
175000545243|0572||G0156|||||20130112|000008.00|000114.00|||                                                                                                                                                                                                                                                                                                                                                                                                                                                        
175000545243|0572||G0156|||||20130113|000008.00|000114.00|||                                                                                                                                                                                                                                                                                                                                                                                                                                                        
175000545243|0572||G0156|||||20130114|000008.00|000114.00|||                                                                                                                                                                                                                                                                                                                                                                                                                                                        
175000545243|0572||G0156|||||20130115|000008.00|000114.00|||                                                                                                                                                                                                                                                                                                                                                                                                                                                        
175000545243|0572||G0156|||||20130116|000008.00|000114.00|||                                                                                                                                                                                                                                                                                                                                                                                                                                                        
175000545243|0572||G0156|||||20130117|000008.00|000114.00|||                                                                                                                                                                                                                                                                                                                                                                                                                                                        
175000545243|0572||G0156|||||20130118|000008.00|000114.00|||                                                                                                                                                                                                                                                                                                                                                                                                                                                        
175000545244|0572||G0156|||||20130112|000012.00|000171.00|||                                                                                                                                                                                                                                                                                                                                                                                                                                                        
175000545244|0572||G0156|||||20130113|000012.00|000171.00|||                                                                                                                                                                                                                                                                                                                                                                                                                                                        
175000545244|0572||G0156|||||20130114|000012.00|000171.00|||                                                                                                                                                                                                                                                                                                                                                                                                                                                        
175000545244|0572||G0156|||||20130115|000009.00|000128.25|||                                                                                                                                                                                                                                                                                                                                                                                                                                                        
175000545244|0572||G0156|||||20130116|000012.00|000171.00|||                                                                                                                                                                                                                                                                                                                                                                                                                                                        
175000545244|0572||G0156|||||20130117|000012.00|000171.00|||                                                                                                                                                                                                                                                                                                                                                                                                                                                        
175000545244|0572||G0156|||||20130118|000012.00|000171.00|||                                                                                                                                                                                                                                                                                                                                                                                                                                                        
175000545245|0580||T1019|||||20130114|000016.00|000056.00|||                                                                                                                                                                                                                                                                                                                                                                                                                                                        
175000545245|0580||T1019|||||20130115|000016.00|000056.00|||                                                                                                                                                                                                                                                                                                                                                                                                                                                        
175000545245|0580||T1019|||||20130116|000016.00|000056.00|||                                                                                                                                                                                                                                                                                                                                                                                                                                                        
175000545245|0580||T1019|||||20130117|000016.00|000056.00|||                                                                                                                                                                                                                                                                                                                                                                                                                                                        
175000545245|0580||T1019|||||20130118|000016.00|000056.00|||                                                                                                                                                                                                                                                                                                                                                                                                                                                        
175000545246|0580||T1019|||||20130112|000036.00|000126.00|||                                                                                                                                                                                                                                                                                                                                                                                                                                                        
175000545246|0580||T1019|||||20130113|000036.00|000126.00|||                                                                                                                                                                                                                                                                                                                                                                                                                                                        
175000545246|0580||T1019|||||20130115|000036.00|000126.00|||                                                                                                                                                                                                                                                                                                                                                                                                                                                        
175000545246|0580||T1019|||||20130116|000036.00|000126.00|||                                                                                                                                                                                                                                                                                                                                                                                                                                                        
175000545246|0580||T1019|||||20130117|000036.00|000126.00|||                                                                                                                                                                                                                                                                                                                                                                                                                                                        
175000545246|0580||T1019|||||20130118|000036.00|000126.00|||                                                                                                                                                                                                                                                                                                                                                                                                                                                        
175000545247|0580||T1019|||||20130112|000028.00|000098.00|||                                                                                                                                                                                                                                                                                                                                                                                                                                                        
175000545247|0580||T1019|||||20130113|000028.00|000098.00|||                                                                                                                                                                                                                                                                                                                                                                                                                                                        
175000545247|0580||T1019|||||20130114|000028.00|000098.00|||                                                                                                                                                                                                                                                                                                                                                                                                                                                        
175000545247|0580||T1019|||||20130115|000028.00|000098.00|||                                                                                                                                                                                                                                                                                                                                                                                                                                                        
175000545247|0580||T1019|||||20130116|000028.00|000098.00|||                                                                                                                                                                                                                                                                                                                                                                                                                                                        
175000545247|0580||T1019|||||20130118|000028.00|000098.00|||                                                                                                                                                                                                                                                                                                                                                                                                                                                        
175000545248|0580||T1019|||||20130112|000048.00|000168.00|||                                                                                                                                                                                                                                                                                                                                                                                                                                                        
175000545248|0580||T1019|||||20130113|000048.00|000168.00|||                                                                                                                                                                                                                                                                                                                                                                                                                                                        
175000545248|0580||T1019|||||20130114|000048.00|000168.00|||                                                                                                                                                                                                                                                                                                                                                                                                                                                        
175000545248|0580||T1019|||||20130115|000048.00|000168.00|||                                                                                                                                                                                                                                                                                                                                                                                                                                                        
175000545248|0580||T1019|||||20130116|000048.00|000168.00|||                                                                                                                                                                                                                                                                                                                                                                                                                                                        
175000545248|0580||T1019|||||20130117|000048.00|000168.00|||                                                                                                                                                                                                                                                                                                                                                                                                                                                        
175000545248|0580||T1019|||||20130118|000048.00|000168.00|||                                                                                                                                                                                                                                                                                                                                                                                                                                                        
175000545249|0580||T1019|||||20130115|000016.00|000056.00|||                                                                                                                                                                                                                                                                                                                                                                                                                                                        
175000545249|0580||T1019|||||20130117|000016.00|000056.00|||                                                                                                                                                                                                                                                                                                                                                                                                                                                        
175000545249|0580||T1019|||||20130118|000016.00|000056.00|||                                                                                                                                                                                                                                                                                                                                                                                                                                                        
175000545250|0580||T1019|||||20130112|000048.00|000168.00|||                                                                                                                                                                                                                                                                                                                                                                                                                                                        
175000545250|0580||T1019|||||20130113|000048.00|000168.00|||                                                                                                                                                                                                                                                                                                                                                                                                                                                        
175000545250|0580||T1019|||||20130115|000048.00|000168.00|||                                                                                                                                                                                                                                                                                                                                                                                                                                                        
175000545250|0580||T1019|||||20130116|000048.00|000168.00|||                                                                                                                                                                                                                                                                                                                                                                                                                                                        
175000545250|0580||T1019|||||20130117|000048.00|000168.00|||                                                                                                                                                                                                                                                                                                                                                                                                                                                        
175000545250|0580||T1019|||||20130118|000048.00|000168.00|||                                                                                                                                                                                                                                                                                                                                                                                                                                                        
175000545251|0580||T1019|||||20130112|000032.00|000112.00|||                                                                                                                                                                                                                                                                                                                                                                                                                                                        
175000545251|0580||T1019|||||20130113|000032.00|000112.00|||                                                                                                                                                                                                                                                                                                                                                                                                                                                        
175000545251|0580||T1019|||||20130114|000032.00|000112.00|||                                                                                                                                                                                                                                                                                                                                                                                                                                                        
175000545251|0580||T1019|||||20130115|000032.00|000112.00|||                                                                                                                                                                                                                                                                                                                                                                                                                                                        
175000545251|0580||T1019|||||20130116|000032.00|000112.00|||                                                                                                                                                                                                                                                                                                                                                                                                                                                        
175000545251|0580||T1019|||||20130117|000032.00|000112.00|||                                                                                                                                                                                                                                                                                                                                                                                                                                                        
175000545251|0580||T1019|||||20130118|000032.00|000112.00|||                                                                                                                                                                                                                                                                                                                                                                                                                                                        
175000545252|0580||T1019|||||20130111|000004.00|000014.00|||                                                                                                                                                                                                                                                                                                                                                                                                                                                        
175000545252|0580||T1019|||||20130114|000020.00|000070.00|||                                                                                                                                                                                                                                                                                                                                                                                                                                                        
175000545252|0580||T1019|||||20130115|000020.00|000070.00|||                                                                                                                                                                                                                                                                                                                                                                                                                                                        
175000545252|0580||T1019|||||20130116|000020.00|000070.00|||                                                                                                                                                                                                                                                                                                                                                                                                                                                        
175000545252|0580||T1019|||||20130117|000020.00|000070.00|||                                                                                                                                                                                                                                                                                                                                                                                                                                                        
175000545253|0580||T1019|||||20130114|000016.00|000067.52|||                                                                                                                                                                                                                                                                                                                                                                                                                                                        
175000545253|0580||T1019|||||20130115|000016.00|000067.52|||                                                                                                                                                                                                                                                                                                                                                                                                                                                        
175000545253|0580||T1019|||||20130118|000016.00|000067.52|||                                                                                                                                                                                                                                                                                                                                                                                                                                                        
175000545254|0580||T1019|||||20130117|000040.00|000168.80|||                                                                                                                                                                                                                                                                                                                                                                                                                                                        
175000545255|0580||T1019|||||20130114|000040.00|000168.80|||                                                                                                                                                                                                                                                                                                                                                                                                                                                        
175000545255|0580||T1019|||||20130115|000040.00|000168.80|||                                                                                                                                                                                                                                                                                                                                                                                                                                                        
175000545255|0580||T1019|||||20130116|000040.00|000168.80|||                                                                                                                                                                                                                                                                                                                                                                                                                                                        
175000545255|0580||T1019|||||20130117|000040.00|000168.80|||                                                                                                                                                                                                                                                                                                                                                                                                                                                        
175000545256|0580||T1019|||||20130112|000020.00|000084.40|||                                                                                                                                                                                                                                                                                                                                                                                                                                                        
175000545256|0580||T1019|||||20130113|000020.00|000084.40|||                                                                                                                                                                                                                                                                                                                                                                                                                                                        
175000545256|0580||T1019|||||20130114|000012.00|000050.64|||                                                                                                                                                                                                                                                                                                                                                                                                                                                        
175000545256|0580||T1019|||||20130115|000020.00|000084.40|||                                                                                                                                                                                                                                                                                                                                                                                                                                                        
175000545256|0580||T1019|||||20130116|000020.00|000084.40|||                                                                                                                                                                                                                                                                                                                                                                                                                                                        
175000545256|0580||T1019|||||20130117|000020.00|000084.40|||                                                                                                                                                                                                                                                                                                                                                                                                                                                        
175000545256|0580||T1019|||||20130118|000020.00|000084.40|||                                                                                                                                                                                                                                                                                                                                                                                                                                                        
175000545257|0580||T1019|||||20130118|000020.00|000084.40|||                                                                                                                                                                                                                                                                                                                                                                                                                                                        
175000545258|0580||T1019|||||20130114|000016.00|000067.52|||                                                                                                                                                                                                                                                                                                                                                                                                                                                        
175000545258|0580||T1019|||||20130115|000016.00|000067.52|||                                                                                                                                                                                                                                                                                                                                                                                                                                                        
175000545258|0580||T1019|||||20130116|000016.00|000067.52|||                                                                                                                                                                                                                                                                                                                                                                                                                                                        
175000545258|0580||T1019|||||20130118|000016.00|000067.52|||                                                                                                                                                                                                                                                                                                                                                                                                                                                        
175000545310|0580||T1019|||||20121224|000012.00|000050.64|||                                                                                                                                                                                                                                                                                                                                                                                                                                                        
175000545310|0580||T1019|||||20121226|000012.00|000050.64|||                                                                                                                                                                                                                                                                                                                                                                                                                                                        
175000545310|0580||T1019|||||20121228|000016.00|000067.52|||                                                                                                                                                                                                                                                                                                                                                                                                                                                        
175000545310|0580||T1019|||||20121231|000012.00|000050.64|||                                                                                                                                                                                                                                                                                                                                                                                                                                                        
175000545310|0580||T1019|||||20130102|000012.00|000050.64|||                                                                                                                                                                                                                                                                                                                                                                                                                                                        
175000545310|0580||T1019|||||20130104|000016.00|000067.52|||                                                                                                                                                                                                                                                                                                                                                                                                                                                        
175000545311|0580||T1019|||||20130110|000040.00|000168.80|||                                                                                                                                                                                                                                                                                                                                                                                                                                                        
175000545311|0580||T1019|||||20130112|000040.00|000168.80|||                                                                                                                                                                                                                                                                                                                                                                                                                                                        
175000545311|0580||T1019|||||20130113|000040.00|000168.80|||                                                                                                                                                                                                                                                                                                                                                                                                                                                        
175000545311|0580||T1019|||||20130114|000040.00|000168.80|||                                                                                                                                                                                                                                                                                                                                                                                                                                                        
175000545311|0580||T1019|||||20130115|000040.00|000168.80|||                                                                                                                                                                                                                                                                                                                                                                                                                                                        
175000545311|0580||T1019|||||20130116|000040.00|000168.80|||                                                                                                                                                                                                                                                                                                                                                                                                                                                        
175000545311|0580||T1019|||||20130117|000040.00|000168.80|||                                                                                                                                                                                                                                                                                                                                                                                                                                                        
175000545311|0580||T1019|||||20130118|000040.00|000168.80|||                                                                                                                                                                                                                                                                                                                                                                                                                                                        
175000545312|0580||T1019|||||20130114|000016.00|000067.52|||                                                                                                                                                                                                                                                                                                                                                                                                                                                        
175000545312|0580||T1019|||||20130115|000016.00|000067.52|||                                                                                                                                                                                                                                                                                                                                                                                                                                                        
175000545312|0580||T1019|||||20130116|000016.00|000067.52|||                                                                                                                                                                                                                                                                                                                                                                                                                                                        
175000545312|0580||T1019|||||20130117|000016.00|000067.52|||                                                                                                                                                                                                                                                                                                                                                                                                                                                        
175000545312|0580||T1019|||||20130118|000016.00|000067.52|||                                                                                                                                                                                                                                                                                                                                                                                                                                                        
175000545313|0582||S5130|||||20130114|000016.00|000067.52|||                                                                                                                                                                                                                                                                                                                                                                                                                                                        
175000545314|0580||T1019|||||20130112|000024.00|000090.00|||                                                                                                                                                                                                                                                                                                                                                                                                                                                        
175000545314|0580||T1019|||||20130114|000024.00|000090.00|||                                                                                                                                                                                                                                                                                                                                                                                                                                                        
175000545314|0580||T1019|||||20130115|000024.00|000090.00|||                                                                                                                                                                                                                                                                                                                                                                                                                                                        
175000545314|0580||T1019|||||20130116|000024.00|000090.00|||                                                                                                                                                                                                                                                                                                                                                                                                                                                        
175000545314|0580||T1019|||||20130117|000024.00|000090.00|||                                                                                                                                                                                                                                                                                                                                                                                                                                                        
175000545314|0580||T1019|||||20130118|000024.00|000090.00|||                                                                                                                                                                                                                                                                                                                                                                                                                                                        
175000545315|0580||T1019|||||20130114|000032.00|000120.00|||                                                                                                                                                                                                                                                                                                                                                                                                                                                        
175000545315|0580||T1019|||||20130115|000036.00|000135.00|||                                                                                                                                                                                                                                                                                                                                                                                                                                                        
175000545315|0580||T1019|||||20130116|000032.00|000120.00|||                                                                                                                                                                                                                                                                                                                                                                                                                                                        
175000545315|0580||T1019|||||20130117|000036.00|000135.00|||                                                                                                                                                                                                                                                                                                                                                                                                                                                        
175000545315|0580||T1019|||||20130118|000032.00|000120.00|||                                                                                                                                                                                                                                                                                                                                                                                                                                                        
175000545316|0580||T1019|||||20130112|000036.00|000151.92|||                                                                                                                                                                                                                                                                                                                                                                                                                                                        
175000545316|0580||T1019|||||20130113|000036.00|000151.92|||                                                                                                                                                                                                                                                                                                                                                                                                                                                        
175000545316|0580||T1019|||||20130114|000032.00|000135.04|||                                                                                                                                                                                                                                                                                                                                                                                                                                                        
175000545316|0580||T1019|||||20130115|000036.00|000151.92|||                                                                                                                                                                                                                                                                                                                                                                                                                                                        
175000545316|0580||T1019|||||20130116|000036.00|000151.92|||                                                                                                                                                                                                                                                                                                                                                                                                                                                        
175000545316|0580||T1019|||||20130117|000036.00|000151.92|||                                                                                                                                                                                                                                                                                                                                                                                                                                                        
175000545316|0580||T1019|||||20130118|000036.00|000151.92|||                                                                                                                                                                                                                                                                                                                                                                                                                                                        
175000545317|0580||T1019|||||20130114|000016.00|000067.52|||                                                                                                                                                                                                                                                                                                                                                                                                                                                        
175000545317|0580||T1019|||||20130115|000016.00|000067.52|||                                                                                                                                                                                                                                                                                                                                                                                                                                                        
175000545317|0580||T1019|||||20130116|000016.00|000067.52|||                                                                                                                                                                                                                                                                                                                                                                                                                                                        
175000545317|0580||T1019|||||20130117|000016.00|000067.52|||                                                                                                                                                                                                                                                                                                                                                                                                                                                        
175000545317|0580||T1019|||||20130118|000016.00|000067.52|||                                                                                                                                                                                                                                                                                                                                                                                                                                                        
175000545318|0580||T1019|||||20130115|000016.00|000067.52|||                                                                                                                                                                                                                                                                                                                                                                                                                                                        
175000545318|0580||T1019|||||20130116|000016.00|000067.52|||                                                                                                                                                                                                                                                                                                                                                                                                                                                        
175000545318|0580||T1019|||||20130117|000016.00|000067.52|||                                                                                                                                                                                                                                                                                                                                                                                                                                                        
175000545319|0570||T1019|1C||||20130115|000006.00|000095.40|||                                                                                                                                                                                                                                                                                                                                                                                                                                                      
175000545319|0570||T1019|1C||||20130116|000006.00|000095.40|||                                                                                                                                                                                                                                                                                                                                                                                                                                                      
175000545319|0570||T1019|1C||||20130117|000006.00|000095.40|||                                                                                                                                                                                                                                                                                                                                                                                                                                                      
175000545319|0570||T1019|1C||||20130118|000006.00|000095.40|||                                                                                                                                                                                                                                                                                                                                                                                                                                                      
175000545320|0570||T1019|1C||||20130107|000004.00|000063.60|||                                                                                                                                                                                                                                                                                                                                                                                                                                                      
175000545320|0570||T1019|1C||||20130108|000004.00|000063.60|||                                                                                                                                                                                                                                                                                                                                                                                                                                                      
175000545320|0570||T1019|1C||||20130109|000004.00|000063.60|||                                                                                                                                                                                                                                                                                                                                                                                                                                                      
175000545320|0570||T1019|1C||||20130110|000004.00|000063.60|||                                                                                                                                                                                                                                                                                                                                                                                                                                                      
175000545320|0570||T1019|1C||||20130111|000004.00|000063.60|||                                                                                                                                                                                                                                                                                                                                                                                                                                                      
175000545320|0570||T1019|1C||||20130114|000004.00|000063.60|||                                                                                                                                                                                                                                                                                                                                                                                                                                                      
175000545320|0570||T1019|1C||||20130115|000004.00|000063.60|||                                                                                                                                                                                                                                                                                                                                                                                                                                                      
175000545320|0570||T1019|1C||||20130116|000004.00|000063.60|||                                                                                                                                                                                                                                                                                                                                                                                                                                                      
175000545320|0570||T1019|1C||||20130117|000004.00|000063.60|||                                                                                                                                                                                                                                                                                                                                                                                                                                                      
175000545320|0570||T1019|1C||||20130118|000004.00|000063.60|||                                                                                                                                                                                                                                                                                                                                                                                                                                                      
175000545321|0570||T1019|1C||||20130114|000004.00|000063.60|||                                                                                                                                                                                                                                                                                                                                                                                                                                                      
175000545321|0570||T1019|1C||||20130115|000004.00|000063.60|||                                                                                                                                                                                                                                                                                                                                                                                                                                                      
175000545321|0570||T1019|1C||||20130116|000004.00|000063.60|||                                                                                                                                                                                                                                                                                                                                                                                                                                                      
175000545321|0570||T1019|1C||||20130117|000004.00|000063.60|||                                                                                                                                                                                                                                                                                                                                                                                                                                                      
175000545321|0570||T1019|1C||||20130118|000004.00|000063.60|||                                                                                                                                                                                                                                                                                                                                                                                                                                                      
