175001133789|0580||T1019|||||20130420|000048.00|000202.56|||                                                                                                                                                                                                                                                                                                                                                                                                                                                        
175001133790|0580||T1019|||||20130420|000048.00|000202.56|||                                                                                                                                                                                                                                                                                                                                                                                                                                                        
175001133791|0580||T1019|||||20130421|000048.00|000202.56|||                                                                                                                                                                                                                                                                                                                                                                                                                                                        
175001133792|0580||T1019|||||20130422|000036.00|000151.92|||                                                                                                                                                                                                                                                                                                                                                                                                                                                        
175001133793|0580||T1019|||||20130423|000048.00|000202.56|||                                                                                                                                                                                                                                                                                                                                                                                                                                                        
175001133794|0580||T1019|||||20130424|000044.00|000185.68|||                                                                                                                                                                                                                                                                                                                                                                                                                                                        
175001133795|0580||T1019|||||20130425|000048.00|000202.56|||                                                                                                                                                                                                                                                                                                                                                                                                                                                        
175001133796|0580||T1019|||||20130426|000048.00|000202.56|||                                                                                                                                                                                                                                                                                                                                                                                                                                                        
175001133797|0582||S5130|||||20111128|000004.00|000067.48|||                                                                                                                                                                                                                                                                                                                                                                                                                                                        
175001133798|0582||S5130|||||20111202|000003.00|000050.61|||                                                                                                                                                                                                                                                                                                                                                                                                                                                        
