175000519121|0580||T1019|||||20121127|000024.00|000084.00|||                                                                                                                                                                                                                                                                                                                                                                                                                                                        
175000519121|0580||T1019|||||20121231|000020.00|000070.00|||                                                                                                                                                                                                                                                                                                                                                                                                                                                        
175000519121|0580||T1019|||||20130103|000020.00|000070.00|||                                                                                                                                                                                                                                                                                                                                                                                                                                                        
175000519121|0580||T1019|||||20130104|000020.00|000070.00|||                                                                                                                                                                                                                                                                                                                                                                                                                                                        
175000519122|0580||T1019|||||20121229|000048.00|000168.00|||                                                                                                                                                                                                                                                                                                                                                                                                                                                        
175000519122|0580||T1019|||||20121230|000048.00|000168.00|||                                                                                                                                                                                                                                                                                                                                                                                                                                                        
175000519122|0580||T1019|||||20121231|000048.00|000168.00|||                                                                                                                                                                                                                                                                                                                                                                                                                                                        
175000519122|0580||T1019|||||20130101|000048.00|000168.00|||                                                                                                                                                                                                                                                                                                                                                                                                                                                        
175000519122|0580||T1019|||||20130102|000048.00|000168.00|||                                                                                                                                                                                                                                                                                                                                                                                                                                                        
175000519122|0580||T1019|||||20130103|000048.00|000168.00|||                                                                                                                                                                                                                                                                                                                                                                                                                                                        
175000519122|0580||T1019|||||20130104|000048.00|000168.00|||                                                                                                                                                                                                                                                                                                                                                                                                                                                        
175000519123|0572||G0156|||||20121209|000007.00|000099.75|||                                                                                                                                                                                                                                                                                                                                                                                                                                                        
175000519123|0572||G0156|||||20121229|000007.00|000099.75|||                                                                                                                                                                                                                                                                                                                                                                                                                                                        
175000519123|0572||G0156|||||20121230|000008.00|000114.00|||                                                                                                                                                                                                                                                                                                                                                                                                                                                        
175000519123|0572||G0156|||||20121231|000008.00|000114.00|||                                                                                                                                                                                                                                                                                                                                                                                                                                                        
175000519123|0572||G0156|||||20130101|000008.00|000114.00|||                                                                                                                                                                                                                                                                                                                                                                                                                                                        
175000519123|0572||G0156|||||20130102|000008.00|000114.00|||                                                                                                                                                                                                                                                                                                                                                                                                                                                        
175000519123|0572||G0156|||||20130103|000008.00|000114.00|||                                                                                                                                                                                                                                                                                                                                                                                                                                                        
175000519123|0572||G0156|||||20130104|000008.00|000114.00|||                                                                                                                                                                                                                                                                                                                                                                                                                                                        
175000519124|0572||G0156|||||20121229|000012.00|000171.00|||                                                                                                                                                                                                                                                                                                                                                                                                                                                        
175000519124|0572||G0156|||||20121230|000012.00|000171.00|||                                                                                                                                                                                                                                                                                                                                                                                                                                                        
175000519124|0572||G0156|||||20121231|000012.00|000171.00|||                                                                                                                                                                                                                                                                                                                                                                                                                                                        
175000519124|0572||G0156|||||20130102|000012.00|000171.00|||                                                                                                                                                                                                                                                                                                                                                                                                                                                        
175000519124|0572||G0156|||||20130103|000012.00|000171.00|||                                                                                                                                                                                                                                                                                                                                                                                                                                                        
175000519124|0572||G0156|||||20130104|000012.00|000171.00|||                                                                                                                                                                                                                                                                                                                                                                                                                                                        
175000519125|0580||T1019|||||20121231|000016.00|000056.00|||                                                                                                                                                                                                                                                                                                                                                                                                                                                        
175000519125|0580||T1019|||||20130102|000016.00|000056.00|||                                                                                                                                                                                                                                                                                                                                                                                                                                                        
175000519126|0580||T1019|||||20121229|000036.00|000126.00|||                                                                                                                                                                                                                                                                                                                                                                                                                                                        
175000519126|0580||T1019|||||20121230|000036.00|000126.00|||                                                                                                                                                                                                                                                                                                                                                                                                                                                        
175000519126|0580||T1019|||||20121231|000034.00|000119.00|||                                                                                                                                                                                                                                                                                                                                                                                                                                                        
175000519126|0580||T1019|||||20130102|000032.00|000112.00|||                                                                                                                                                                                                                                                                                                                                                                                                                                                        
175000519126|0580||T1019|||||20130103|000032.00|000112.00|||                                                                                                                                                                                                                                                                                                                                                                                                                                                        
175000519126|0580||T1019|||||20130104|000036.00|000126.00|||                                                                                                                                                                                                                                                                                                                                                                                                                                                        
175000519127|0580||T1019|||||20121229|000028.00|000098.00|||                                                                                                                                                                                                                                                                                                                                                                                                                                                        
175000519127|0580||T1019|||||20121230|000028.00|000098.00|||                                                                                                                                                                                                                                                                                                                                                                                                                                                        
175000519127|0580||T1019|||||20121231|000028.00|000098.00|||                                                                                                                                                                                                                                                                                                                                                                                                                                                        
175000519127|0580||T1019|||||20130102|000028.00|000098.00|||                                                                                                                                                                                                                                                                                                                                                                                                                                                        
175000519127|0580||T1019|||||20130103|000028.00|000098.00|||                                                                                                                                                                                                                                                                                                                                                                                                                                                        
175000519127|0580||T1019|||||20130104|000028.00|000098.00|||                                                                                                                                                                                                                                                                                                                                                                                                                                                        
175000519128|0580||T1019|||||20121229|000048.00|000168.00|||                                                                                                                                                                                                                                                                                                                                                                                                                                                        
175000519128|0580||T1019|||||20121230|000048.00|000168.00|||                                                                                                                                                                                                                                                                                                                                                                                                                                                        
175000519128|0580||T1019|||||20121231|000048.00|000168.00|||                                                                                                                                                                                                                                                                                                                                                                                                                                                        
175000519128|0580||T1019|||||20130101|000048.00|000168.00|||                                                                                                                                                                                                                                                                                                                                                                                                                                                        
175000519128|0580||T1019|||||20130102|000048.00|000168.00|||                                                                                                                                                                                                                                                                                                                                                                                                                                                        
175000519128|0580||T1019|||||20130103|000032.00|000112.00|||                                                                                                                                                                                                                                                                                                                                                                                                                                                        
175000519129|0580||T1019|||||20130101|000016.00|000056.00|||                                                                                                                                                                                                                                                                                                                                                                                                                                                        
175000519129|0580||T1019|||||20130103|000016.00|000056.00|||                                                                                                                                                                                                                                                                                                                                                                                                                                                        
175000519129|0580||T1019|||||20130104|000016.00|000056.00|||                                                                                                                                                                                                                                                                                                                                                                                                                                                        
175000519130|0580||T1019|||||20121229|000048.00|000168.00|||                                                                                                                                                                                                                                                                                                                                                                                                                                                        
175000519130|0580||T1019|||||20121230|000048.00|000168.00|||                                                                                                                                                                                                                                                                                                                                                                                                                                                        
175000519130|0580||T1019|||||20121231|000036.00|000126.00|||                                                                                                                                                                                                                                                                                                                                                                                                                                                        
175000519130|0580||T1019|||||20130101|000048.00|000168.00|||                                                                                                                                                                                                                                                                                                                                                                                                                                                        
175000519130|0580||T1019|||||20130102|000048.00|000168.00|||                                                                                                                                                                                                                                                                                                                                                                                                                                                        
175000519130|0580||T1019|||||20130103|000048.00|000168.00|||                                                                                                                                                                                                                                                                                                                                                                                                                                                        
175000519130|0580||T1019|||||20130104|000048.00|000168.00|||                                                                                                                                                                                                                                                                                                                                                                                                                                                        
175000519131|0580||T1019|||||20121229|000032.00|000112.00|||                                                                                                                                                                                                                                                                                                                                                                                                                                                        
175000519131|0580||T1019|||||20121230|000032.00|000112.00|||                                                                                                                                                                                                                                                                                                                                                                                                                                                        
175000519131|0580||T1019|||||20121231|000032.00|000112.00|||                                                                                                                                                                                                                                                                                                                                                                                                                                                        
175000519132|0580||T1019|||||20130101|000032.00|000112.00|||                                                                                                                                                                                                                                                                                                                                                                                                                                                        
175000519132|0580||T1019|||||20130102|000032.00|000112.00|||                                                                                                                                                                                                                                                                                                                                                                                                                                                        
175000519132|0580||T1019|||||20130103|000032.00|000112.00|||                                                                                                                                                                                                                                                                                                                                                                                                                                                        
175000519132|0580||T1019|||||20130104|000032.00|000112.00|||                                                                                                                                                                                                                                                                                                                                                                                                                                                        
175000519133|0580||T1019|||||20121231|000016.00|000067.52|||                                                                                                                                                                                                                                                                                                                                                                                                                                                        
175000519133|0580||T1019|||||20130101|000016.00|000067.52|||                                                                                                                                                                                                                                                                                                                                                                                                                                                        
175000519133|0580||T1019|||||20130102|000016.00|000067.52|||                                                                                                                                                                                                                                                                                                                                                                                                                                                        
175000519133|0580||T1019|||||20130103|000016.00|000067.52|||                                                                                                                                                                                                                                                                                                                                                                                                                                                        
175000519133|0580||T1019|||||20130104|000016.00|000067.52|||                                                                                                                                                                                                                                                                                                                                                                                                                                                        
175000519134|0580||T1019|||||20130102|000040.00|000168.80|||                                                                                                                                                                                                                                                                                                                                                                                                                                                        
175000519134|0580||T1019|||||20130103|000040.00|000168.80|||                                                                                                                                                                                                                                                                                                                                                                                                                                                        
175000519135|0580||T1019|||||20121121|000040.00|000168.80|||                                                                                                                                                                                                                                                                                                                                                                                                                                                        
175000519135|0580||T1019|||||20121122|000040.00|000168.80|||                                                                                                                                                                                                                                                                                                                                                                                                                                                        
175000519135|0580||T1019|||||20121206|000040.00|000168.80|||                                                                                                                                                                                                                                                                                                                                                                                                                                                        
175000519135|0580||T1019|||||20121211|000040.00|000168.80|||                                                                                                                                                                                                                                                                                                                                                                                                                                                        
175000519135|0580||T1019|||||20121231|000040.00|000168.80|||                                                                                                                                                                                                                                                                                                                                                                                                                                                        
175000519135|0580||T1019|||||20130101|000040.00|000168.80|||                                                                                                                                                                                                                                                                                                                                                                                                                                                        
175000519135|0580||T1019|||||20130102|000040.00|000168.80|||                                                                                                                                                                                                                                                                                                                                                                                                                                                        
175000519135|0580||T1019|||||20130103|000040.00|000168.80|||                                                                                                                                                                                                                                                                                                                                                                                                                                                        
175000519136|0580||T1019|||||20121229|000020.00|000084.40|||                                                                                                                                                                                                                                                                                                                                                                                                                                                        
175000519136|0580||T1019|||||20130103|000020.00|000084.40|||                                                                                                                                                                                                                                                                                                                                                                                                                                                        
175000519136|0580||T1019|||||20130104|000020.00|000084.40|||                                                                                                                                                                                                                                                                                                                                                                                                                                                        
175000519137|0580||T1019|||||20121231|000016.00|000067.52|||                                                                                                                                                                                                                                                                                                                                                                                                                                                        
175000519137|0580||T1019|||||20130101|000016.00|000067.52|||                                                                                                                                                                                                                                                                                                                                                                                                                                                        
175000519137|0580||T1019|||||20130102|000016.00|000067.52|||                                                                                                                                                                                                                                                                                                                                                                                                                                                        
175000519137|0580||T1019|||||20130103|000016.00|000067.52|||                                                                                                                                                                                                                                                                                                                                                                                                                                                        
175000519137|0580||T1019|||||20130104|000016.00|000067.52|||                                                                                                                                                                                                                                                                                                                                                                                                                                                        
175000519189|0580||T1019|||||20121208|000016.00|000067.52|||                                                                                                                                                                                                                                                                                                                                                                                                                                                        
175000519189|0580||T1019|||||20121210|000016.00|000067.52|||                                                                                                                                                                                                                                                                                                                                                                                                                                                        
175000519189|0580||T1019|||||20121211|000016.00|000067.52|||                                                                                                                                                                                                                                                                                                                                                                                                                                                        
175000519189|0580||T1019|||||20121212|000016.00|000067.52|||                                                                                                                                                                                                                                                                                                                                                                                                                                                        
175000519189|0580||T1019|||||20121213|000016.00|000067.52|||                                                                                                                                                                                                                                                                                                                                                                                                                                                        
175000519189|0580||T1019|||||20121214|000016.00|000067.52|||                                                                                                                                                                                                                                                                                                                                                                                                                                                        
175000519189|0580||T1019|||||20121215|000016.00|000067.52|||                                                                                                                                                                                                                                                                                                                                                                                                                                                        
175000519189|0580||T1019|||||20121217|000016.00|000067.52|||                                                                                                                                                                                                                                                                                                                                                                                                                                                        
175000519189|0580||T1019|||||20121218|000016.00|000067.52|||                                                                                                                                                                                                                                                                                                                                                                                                                                                        
175000519189|0580||T1019|||||20121219|000016.00|000067.52|||                                                                                                                                                                                                                                                                                                                                                                                                                                                        
175000519189|0580||T1019|||||20121220|000016.00|000067.52|||                                                                                                                                                                                                                                                                                                                                                                                                                                                        
175000519189|0580||T1019|||||20121221|000016.00|000067.52|||                                                                                                                                                                                                                                                                                                                                                                                                                                                        
175000519189|0580||T1019|||||20121222|000016.00|000067.52|||                                                                                                                                                                                                                                                                                                                                                                                                                                                        
175000519189|0580||T1019|||||20121224|000016.00|000067.52|||                                                                                                                                                                                                                                                                                                                                                                                                                                                        
175000519189|0580||T1019|||||20121225|000016.00|000067.52|||                                                                                                                                                                                                                                                                                                                                                                                                                                                        
175000519189|0580||T1019|||||20121226|000020.00|000084.40|||                                                                                                                                                                                                                                                                                                                                                                                                                                                        
175000519189|0580||T1019|||||20121227|000024.00|000101.28|||                                                                                                                                                                                                                                                                                                                                                                                                                                                        
175000519189|0580||T1019|||||20121228|000024.00|000101.28|||                                                                                                                                                                                                                                                                                                                                                                                                                                                        
175000519189|0580||T1019|||||20121229|000024.00|000101.28|||                                                                                                                                                                                                                                                                                                                                                                                                                                                        
175000519189|0580||T1019|||||20121231|000024.00|000101.28|||                                                                                                                                                                                                                                                                                                                                                                                                                                                        
175000519189|0580||T1019|||||20130101|000024.00|000101.28|||                                                                                                                                                                                                                                                                                                                                                                                                                                                        
175000519189|0580||T1019|||||20130102|000024.00|000101.28|||                                                                                                                                                                                                                                                                                                                                                                                                                                                        
175000519189|0580||T1019|||||20130103|000024.00|000101.28|||                                                                                                                                                                                                                                                                                                                                                                                                                                                        
175000519189|0580||T1019|||||20130104|000024.00|000101.28|||                                                                                                                                                                                                                                                                                                                                                                                                                                                        
175000519190|0580||T1019|||||20121231|000032.00|000135.04|||                                                                                                                                                                                                                                                                                                                                                                                                                                                        
175000519190|0580||T1019|||||20130102|000032.00|000135.04|||                                                                                                                                                                                                                                                                                                                                                                                                                                                        
175000519190|0580||T1019|||||20130103|000036.00|000151.92|||                                                                                                                                                                                                                                                                                                                                                                                                                                                        
175000519190|0580||T1019|||||20130104|000032.00|000135.04|||                                                                                                                                                                                                                                                                                                                                                                                                                                                        
175000519191|0580||T1019|||||20121222|000040.00|000168.80|||                                                                                                                                                                                                                                                                                                                                                                                                                                                        
175000519191|0580||T1019|||||20121229|000040.00|000168.80|||                                                                                                                                                                                                                                                                                                                                                                                                                                                        
175000519191|0580||T1019|||||20121230|000040.00|000168.80|||                                                                                                                                                                                                                                                                                                                                                                                                                                                        
175000519191|0580||T1019|||||20121231|000036.00|000151.92|||                                                                                                                                                                                                                                                                                                                                                                                                                                                        
175000519191|0580||T1019|||||20130101|000036.00|000151.92|||                                                                                                                                                                                                                                                                                                                                                                                                                                                        
175000519191|0580||T1019|||||20130102|000032.00|000135.04|||                                                                                                                                                                                                                                                                                                                                                                                                                                                        
175000519191|0580||T1019|||||20130103|000032.00|000135.04|||                                                                                                                                                                                                                                                                                                                                                                                                                                                        
175000519191|0580||T1019|||||20130104|000032.00|000135.04|||                                                                                                                                                                                                                                                                                                                                                                                                                                                        
175000519192|0580||T1019|||||20121231|000016.00|000067.52|||                                                                                                                                                                                                                                                                                                                                                                                                                                                        
175000519192|0580||T1019|||||20130103|000016.00|000067.52|||                                                                                                                                                                                                                                                                                                                                                                                                                                                        
175000519192|0580||T1019|||||20130104|000016.00|000067.52|||                                                                                                                                                                                                                                                                                                                                                                                                                                                        
175000519193|0580||T1019|||||20121210|000020.00|000084.40|||                                                                                                                                                                                                                                                                                                                                                                                                                                                        
175000519193|0580||T1019|||||20121211|000020.00|000084.40|||                                                                                                                                                                                                                                                                                                                                                                                                                                                        
175000519193|0580||T1019|||||20121212|000020.00|000084.40|||                                                                                                                                                                                                                                                                                                                                                                                                                                                        
175000519193|0580||T1019|||||20121213|000020.00|000084.40|||                                                                                                                                                                                                                                                                                                                                                                                                                                                        
175000519193|0580||T1019|||||20121217|000020.00|000084.40|||                                                                                                                                                                                                                                                                                                                                                                                                                                                        
175000519193|0580||T1019|||||20121218|000020.00|000084.40|||                                                                                                                                                                                                                                                                                                                                                                                                                                                        
175000519193|0580||T1019|||||20121219|000020.00|000084.40|||                                                                                                                                                                                                                                                                                                                                                                                                                                                        
175000519193|0580||T1019|||||20121220|000020.00|000084.40|||                                                                                                                                                                                                                                                                                                                                                                                                                                                        
175000519193|0580||T1019|||||20121221|000020.00|000084.40|||                                                                                                                                                                                                                                                                                                                                                                                                                                                        
175000519193|0580||T1019|||||20121224|000020.00|000084.40|||                                                                                                                                                                                                                                                                                                                                                                                                                                                        
175000519193|0580||T1019|||||20121225|000020.00|000084.40|||                                                                                                                                                                                                                                                                                                                                                                                                                                                        
175000519193|0580||T1019|||||20121226|000020.00|000084.40|||                                                                                                                                                                                                                                                                                                                                                                                                                                                        
175000519193|0580||T1019|||||20121227|000020.00|000084.40|||                                                                                                                                                                                                                                                                                                                                                                                                                                                        
175000519193|0580||T1019|||||20121228|000020.00|000084.40|||                                                                                                                                                                                                                                                                                                                                                                                                                                                        
175000519193|0580||T1019|||||20121231|000020.00|000084.40|||                                                                                                                                                                                                                                                                                                                                                                                                                                                        
175000519193|0580||T1019|||||20130101|000020.00|000084.40|||                                                                                                                                                                                                                                                                                                                                                                                                                                                        
175000519193|0580||T1019|||||20130102|000020.00|000084.40|||                                                                                                                                                                                                                                                                                                                                                                                                                                                        
175000519194|0580||T1019|||||20121231|000012.00|000050.64|||                                                                                                                                                                                                                                                                                                                                                                                                                                                        
175000519194|0580||T1019|||||20130101|000012.00|000050.64|||                                                                                                                                                                                                                                                                                                                                                                                                                                                        
175000519194|0580||T1019|||||20130102|000012.00|000050.64|||                                                                                                                                                                                                                                                                                                                                                                                                                                                        
175000519194|0580||T1019|||||20130103|000012.00|000050.64|||                                                                                                                                                                                                                                                                                                                                                                                                                                                        
175000519194|0580||T1019|||||20130104|000012.00|000050.64|||                                                                                                                                                                                                                                                                                                                                                                                                                                                        
175000519195|0580||T1019|||||20121231|000008.00|000033.76|||                                                                                                                                                                                                                                                                                                                                                                                                                                                        
175000519195|0580||T1019|||||20130101|000008.00|000033.76|||                                                                                                                                                                                                                                                                                                                                                                                                                                                        
175000519195|0580||T1019|||||20130102|000008.00|000033.76|||                                                                                                                                                                                                                                                                                                                                                                                                                                                        
175000519195|0580||T1019|||||20130103|000008.00|000033.76|||                                                                                                                                                                                                                                                                                                                                                                                                                                                        
175000519195|0580||T1019|||||20130104|000008.00|000033.76|||                                                                                                                                                                                                                                                                                                                                                                                                                                                        
175000519196|0580||T1019|||||20121229|000036.00|000151.92|||                                                                                                                                                                                                                                                                                                                                                                                                                                                        
175000519196|0580||T1019|||||20121230|000036.00|000151.92|||                                                                                                                                                                                                                                                                                                                                                                                                                                                        
175000519196|0580||T1019|||||20130102|000036.00|000151.92|||                                                                                                                                                                                                                                                                                                                                                                                                                                                        
175000519196|0580||T1019|||||20130103|000036.00|000151.92|||                                                                                                                                                                                                                                                                                                                                                                                                                                                        
175000519196|0580||T1019|||||20130104|000036.00|000151.92|||                                                                                                                                                                                                                                                                                                                                                                                                                                                        
175000519197|0580||T1019|||||20121231|000016.00|000067.52|||                                                                                                                                                                                                                                                                                                                                                                                                                                                        
175000519197|0580||T1019|||||20130102|000016.00|000067.52|||                                                                                                                                                                                                                                                                                                                                                                                                                                                        
175000519197|0580||T1019|||||20130103|000016.00|000067.52|||                                                                                                                                                                                                                                                                                                                                                                                                                                                        
175000519197|0580||T1019|||||20130104|000016.00|000067.52|||                                                                                                                                                                                                                                                                                                                                                                                                                                                        
175000519198|0580||T1019|||||20130103|000016.00|000067.52|||                                                                                                                                                                                                                                                                                                                                                                                                                                                        
175000519198|0580||T1019|||||20130104|000016.00|000067.52|||                                                                                                                                                                                                                                                                                                                                                                                                                                                        
175000519199|0570||T1019|1C||||20121231|000005.75|000091.43|||                                                                                                                                                                                                                                                                                                                                                                                                                                                      
175000519200|0570||T1019|1C||||20130101|000006.00|000095.40|||                                                                                                                                                                                                                                                                                                                                                                                                                                                      
175000519200|0570||T1019|1C||||20130102|000006.00|000095.40|||                                                                                                                                                                                                                                                                                                                                                                                                                                                      
175000519200|0570||T1019|1C||||20130103|000006.00|000095.40|||                                                                                                                                                                                                                                                                                                                                                                                                                                                      
175000519200|0570||T1019|1C||||20130104|000006.00|000095.40|||                                                                                                                                                                                                                                                                                                                                                                                                                                                      
175000519201|0570||T1019|1C||||20121231|000004.00|000063.60|||                                                                                                                                                                                                                                                                                                                                                                                                                                                      
175000519202|0570||T1019|1C||||20130101|000004.00|000063.60|||                                                                                                                                                                                                                                                                                                                                                                                                                                                      
175000519202|0570||T1019|1C||||20130102|000004.00|000063.60|||                                                                                                                                                                                                                                                                                                                                                                                                                                                      
175000519202|0570||T1019|1C||||20130103|000004.00|000063.60|||                                                                                                                                                                                                                                                                                                                                                                                                                                                      
175000519202|0570||T1019|1C||||20130104|000004.00|000063.60|||                                                                                                                                                                                                                                                                                                                                                                                                                                                      
175000519203|0570||T1019|1C||||20121231|000004.00|000063.60|||                                                                                                                                                                                                                                                                                                                                                                                                                                                      
175000519203|0570||T1019|1C||||20130101|000004.00|000063.60|||                                                                                                                                                                                                                                                                                                                                                                                                                                                      
175000519203|0570||T1019|1C||||20130102|000004.00|000063.60|||                                                                                                                                                                                                                                                                                                                                                                                                                                                      
175000519203|0570||T1019|1C||||20130103|000004.00|000063.60|||                                                                                                                                                                                                                                                                                                                                                                                                                                                      
175000519203|0570||T1019|1C||||20130104|000004.00|000063.60|||                                                                                                                                                                                                                                                                                                                                                                                                                                                      
