175000752188|0580||T1019|||||20130318|000024.00|000101.28|||                                                                                                                                                                                                                                                                                                                                                                                                                                                        
175000752188|0580||T1019|||||20130319|000024.00|000101.28|||                                                                                                                                                                                                                                                                                                                                                                                                                                                        
175000752188|0580||T1019|||||20130320|000024.00|000101.28|||                                                                                                                                                                                                                                                                                                                                                                                                                                                        
175000752188|0580||T1019|||||20130321|000024.00|000101.28|||                                                                                                                                                                                                                                                                                                                                                                                                                                                        
175000752188|0580||T1019|||||20130322|000024.00|000101.28|||                                                                                                                                                                                                                                                                                                                                                                                                                                                        
175000752189|0580||T1019|||||20130316|000024.00|000101.28|||                                                                                                                                                                                                                                                                                                                                                                                                                                                        
175000752189|0580||T1019|||||20130317|000024.00|000101.28|||                                                                                                                                                                                                                                                                                                                                                                                                                                                        
175000752189|0580||T1019|||||20130318|000024.00|000101.28|||                                                                                                                                                                                                                                                                                                                                                                                                                                                        
175000752189|0580||T1019|||||20130319|000024.00|000101.28|||                                                                                                                                                                                                                                                                                                                                                                                                                                                        
175000752189|0580||T1019|||||20130321|000024.00|000101.28|||                                                                                                                                                                                                                                                                                                                                                                                                                                                        
175000752189|0580||T1019|||||20130322|000016.00|000067.52|||                                                                                                                                                                                                                                                                                                                                                                                                                                                        
175000752190|0580||T1019|||||20130318|000040.00|000168.80|||                                                                                                                                                                                                                                                                                                                                                                                                                                                        
175000752190|0580||T1019|||||20130320|000040.00|000168.80|||                                                                                                                                                                                                                                                                                                                                                                                                                                                        
175000752190|0580||T1019|||||20130321|000040.00|000168.80|||                                                                                                                                                                                                                                                                                                                                                                                                                                                        
175000752191|0580||T1019|||||20130304|000016.00|000060.00|||                                                                                                                                                                                                                                                                                                                                                                                                                                                        
175000752191|0580||T1019|||||20130305|000016.00|000060.00|||                                                                                                                                                                                                                                                                                                                                                                                                                                                        
175000752191|0580||T1019|||||20130306|000016.00|000060.00|||                                                                                                                                                                                                                                                                                                                                                                                                                                                        
175000752191|0580||T1019|||||20130307|000016.00|000060.00|||                                                                                                                                                                                                                                                                                                                                                                                                                                                        
175000752191|0580||T1019|||||20130308|000016.00|000060.00|||                                                                                                                                                                                                                                                                                                                                                                                                                                                        
175000752191|0580||T1019|||||20130318|000016.00|000060.00|||                                                                                                                                                                                                                                                                                                                                                                                                                                                        
175000752191|0580||T1019|||||20130319|000016.00|000060.00|||                                                                                                                                                                                                                                                                                                                                                                                                                                                        
175000752191|0580||T1019|||||20130320|000016.00|000060.00|||                                                                                                                                                                                                                                                                                                                                                                                                                                                        
175000752191|0580||T1019|||||20130321|000016.00|000060.00|||                                                                                                                                                                                                                                                                                                                                                                                                                                                        
175000752191|0580||T1019|||||20130322|000016.00|000060.00|||                                                                                                                                                                                                                                                                                                                                                                                                                                                        
