175000532200|0580||T1019|||||20130108|000020.00|000070.00|||                                                                                                                                                                                                                                                                                                                                                                                                                                                        
175000532200|0580||T1019|||||20130109|000020.00|000070.00|||                                                                                                                                                                                                                                                                                                                                                                                                                                                        
175000532200|0580||T1019|||||20130111|000020.00|000070.00|||                                                                                                                                                                                                                                                                                                                                                                                                                                                        
175000532201|0580||T1019|||||20130105|000048.00|000168.00|||                                                                                                                                                                                                                                                                                                                                                                                                                                                        
175000532201|0580||T1019|||||20130106|000048.00|000168.00|||                                                                                                                                                                                                                                                                                                                                                                                                                                                        
175000532201|0580||T1019|||||20130107|000048.00|000168.00|||                                                                                                                                                                                                                                                                                                                                                                                                                                                        
175000532201|0580||T1019|||||20130108|000048.00|000168.00|||                                                                                                                                                                                                                                                                                                                                                                                                                                                        
175000532201|0580||T1019|||||20130109|000048.00|000168.00|||                                                                                                                                                                                                                                                                                                                                                                                                                                                        
175000532201|0580||T1019|||||20130110|000048.00|000168.00|||                                                                                                                                                                                                                                                                                                                                                                                                                                                        
175000532201|0580||T1019|||||20130111|000048.00|000168.00|||                                                                                                                                                                                                                                                                                                                                                                                                                                                        
175000532202|0572||G0156|||||20130105|000008.00|000114.00|||                                                                                                                                                                                                                                                                                                                                                                                                                                                        
175000532202|0572||G0156|||||20130106|000008.00|000114.00|||                                                                                                                                                                                                                                                                                                                                                                                                                                                        
175000532202|0572||G0156|||||20130107|000008.00|000114.00|||                                                                                                                                                                                                                                                                                                                                                                                                                                                        
175000532202|0572||G0156|||||20130108|000008.00|000114.00|||                                                                                                                                                                                                                                                                                                                                                                                                                                                        
175000532202|0572||G0156|||||20130109|000008.00|000114.00|||                                                                                                                                                                                                                                                                                                                                                                                                                                                        
175000532202|0572||G0156|||||20130110|000008.00|000114.00|||                                                                                                                                                                                                                                                                                                                                                                                                                                                        
175000532202|0572||G0156|||||20130111|000008.00|000114.00|||                                                                                                                                                                                                                                                                                                                                                                                                                                                        
175000532203|0572||G0156|||||20130105|000012.00|000171.00|||                                                                                                                                                                                                                                                                                                                                                                                                                                                        
175000532203|0572||G0156|||||20130106|000012.00|000171.00|||                                                                                                                                                                                                                                                                                                                                                                                                                                                        
175000532203|0572||G0156|||||20130107|000012.00|000171.00|||                                                                                                                                                                                                                                                                                                                                                                                                                                                        
175000532203|0572||G0156|||||20130108|000012.00|000171.00|||                                                                                                                                                                                                                                                                                                                                                                                                                                                        
175000532203|0572||G0156|||||20130109|000012.00|000171.00|||                                                                                                                                                                                                                                                                                                                                                                                                                                                        
175000532203|0572||G0156|||||20130110|000012.00|000171.00|||                                                                                                                                                                                                                                                                                                                                                                                                                                                        
175000532203|0572||G0156|||||20130111|000007.00|000099.75|||                                                                                                                                                                                                                                                                                                                                                                                                                                                        
175000532204|0580||T1019|||||20130107|000016.00|000056.00|||                                                                                                                                                                                                                                                                                                                                                                                                                                                        
175000532204|0580||T1019|||||20130108|000016.00|000056.00|||                                                                                                                                                                                                                                                                                                                                                                                                                                                        
175000532205|0580||T1019|||||20130110|000016.00|000056.00|||                                                                                                                                                                                                                                                                                                                                                                                                                                                        
175000532205|0580||T1019|||||20130111|000016.00|000056.00|||                                                                                                                                                                                                                                                                                                                                                                                                                                                        
175000532206|0580||T1019|||||20121226|000036.00|000126.00|||                                                                                                                                                                                                                                                                                                                                                                                                                                                        
175000532206|0580||T1019|||||20130105|000036.00|000126.00|||                                                                                                                                                                                                                                                                                                                                                                                                                                                        
175000532206|0580||T1019|||||20130106|000036.00|000126.00|||                                                                                                                                                                                                                                                                                                                                                                                                                                                        
175000532206|0580||T1019|||||20130107|000034.00|000119.00|||                                                                                                                                                                                                                                                                                                                                                                                                                                                        
175000532207|0580||T1019|||||20130108|000036.00|000126.00|||                                                                                                                                                                                                                                                                                                                                                                                                                                                        
175000532207|0580||T1019|||||20130109|000036.00|000126.00|||                                                                                                                                                                                                                                                                                                                                                                                                                                                        
175000532208|0580||T1019|||||20130105|000028.00|000098.00|||                                                                                                                                                                                                                                                                                                                                                                                                                                                        
175000532208|0580||T1019|||||20130106|000028.00|000098.00|||                                                                                                                                                                                                                                                                                                                                                                                                                                                        
175000532208|0580||T1019|||||20130107|000028.00|000098.00|||                                                                                                                                                                                                                                                                                                                                                                                                                                                        
175000532208|0580||T1019|||||20130108|000028.00|000098.00|||                                                                                                                                                                                                                                                                                                                                                                                                                                                        
175000532208|0580||T1019|||||20130109|000028.00|000098.00|||                                                                                                                                                                                                                                                                                                                                                                                                                                                        
175000532208|0580||T1019|||||20130110|000028.00|000098.00|||                                                                                                                                                                                                                                                                                                                                                                                                                                                        
175000532208|0580||T1019|||||20130111|000028.00|000098.00|||                                                                                                                                                                                                                                                                                                                                                                                                                                                        
175000532209|0580||T1019|||||20130105|000040.00|000140.00|||                                                                                                                                                                                                                                                                                                                                                                                                                                                        
175000532209|0580||T1019|||||20130110|000041.00|000143.50|||                                                                                                                                                                                                                                                                                                                                                                                                                                                        
175000532209|0580||T1019|||||20130111|000048.00|000168.00|||                                                                                                                                                                                                                                                                                                                                                                                                                                                        
175000532210|0580||T1019|||||20130108|000016.00|000056.00|||                                                                                                                                                                                                                                                                                                                                                                                                                                                        
175000532210|0580||T1019|||||20130110|000016.00|000056.00|||                                                                                                                                                                                                                                                                                                                                                                                                                                                        
175000532210|0580||T1019|||||20130111|000016.00|000056.00|||                                                                                                                                                                                                                                                                                                                                                                                                                                                        
175000532211|0580||T1019|||||20130105|000048.00|000168.00|||                                                                                                                                                                                                                                                                                                                                                                                                                                                        
175000532211|0580||T1019|||||20130106|000048.00|000168.00|||                                                                                                                                                                                                                                                                                                                                                                                                                                                        
175000532211|0580||T1019|||||20130107|000048.00|000168.00|||                                                                                                                                                                                                                                                                                                                                                                                                                                                        
175000532211|0580||T1019|||||20130108|000048.00|000168.00|||                                                                                                                                                                                                                                                                                                                                                                                                                                                        
175000532211|0580||T1019|||||20130109|000048.00|000168.00|||                                                                                                                                                                                                                                                                                                                                                                                                                                                        
175000532211|0580||T1019|||||20130110|000048.00|000168.00|||                                                                                                                                                                                                                                                                                                                                                                                                                                                        
175000532211|0580||T1019|||||20130111|000048.00|000168.00|||                                                                                                                                                                                                                                                                                                                                                                                                                                                        
175000532212|0580||T1019|||||20130105|000032.00|000112.00|||                                                                                                                                                                                                                                                                                                                                                                                                                                                        
175000532212|0580||T1019|||||20130106|000032.00|000112.00|||                                                                                                                                                                                                                                                                                                                                                                                                                                                        
175000532212|0580||T1019|||||20130107|000032.00|000112.00|||                                                                                                                                                                                                                                                                                                                                                                                                                                                        
175000532212|0580||T1019|||||20130108|000032.00|000112.00|||                                                                                                                                                                                                                                                                                                                                                                                                                                                        
175000532212|0580||T1019|||||20130109|000032.00|000112.00|||                                                                                                                                                                                                                                                                                                                                                                                                                                                        
175000532212|0580||T1019|||||20130111|000032.00|000112.00|||                                                                                                                                                                                                                                                                                                                                                                                                                                                        
175000532213|0580||T1019|||||20130107|000016.00|000067.52|||                                                                                                                                                                                                                                                                                                                                                                                                                                                        
175000532213|0580||T1019|||||20130108|000016.00|000067.52|||                                                                                                                                                                                                                                                                                                                                                                                                                                                        
175000532213|0580||T1019|||||20130109|000016.00|000067.52|||                                                                                                                                                                                                                                                                                                                                                                                                                                                        
175000532213|0580||T1019|||||20130110|000016.00|000067.52|||                                                                                                                                                                                                                                                                                                                                                                                                                                                        
175000532213|0580||T1019|||||20130111|000016.00|000067.52|||                                                                                                                                                                                                                                                                                                                                                                                                                                                        
175000532214|0580||T1019|||||20130109|000040.00|000168.80|||                                                                                                                                                                                                                                                                                                                                                                                                                                                        
175000532214|0580||T1019|||||20130110|000040.00|000168.80|||                                                                                                                                                                                                                                                                                                                                                                                                                                                        
175000532215|0580||T1019|||||20130107|000040.00|000168.80|||                                                                                                                                                                                                                                                                                                                                                                                                                                                        
175000532215|0580||T1019|||||20130108|000040.00|000168.80|||                                                                                                                                                                                                                                                                                                                                                                                                                                                        
175000532215|0580||T1019|||||20130109|000040.00|000168.80|||                                                                                                                                                                                                                                                                                                                                                                                                                                                        
175000532215|0580||T1019|||||20130110|000040.00|000168.80|||                                                                                                                                                                                                                                                                                                                                                                                                                                                        
175000532216|0580||T1019|||||20130105|000020.00|000084.40|||                                                                                                                                                                                                                                                                                                                                                                                                                                                        
175000532216|0580||T1019|||||20130106|000020.00|000084.40|||                                                                                                                                                                                                                                                                                                                                                                                                                                                        
175000532216|0580||T1019|||||20130107|000020.00|000084.40|||                                                                                                                                                                                                                                                                                                                                                                                                                                                        
175000532216|0580||T1019|||||20130108|000020.00|000084.40|||                                                                                                                                                                                                                                                                                                                                                                                                                                                        
175000532216|0580||T1019|||||20130109|000020.00|000084.40|||                                                                                                                                                                                                                                                                                                                                                                                                                                                        
175000532216|0580||T1019|||||20130110|000010.00|000042.20|||                                                                                                                                                                                                                                                                                                                                                                                                                                                        
175000532216|0580||T1019|||||20130111|000020.00|000084.40|||                                                                                                                                                                                                                                                                                                                                                                                                                                                        
175000532217|0580||T1019|||||20130111|000020.00|000084.40|||                                                                                                                                                                                                                                                                                                                                                                                                                                                        
175000532218|0580||T1019|||||20130107|000016.00|000067.52|||                                                                                                                                                                                                                                                                                                                                                                                                                                                        
175000532218|0580||T1019|||||20130108|000016.00|000067.52|||                                                                                                                                                                                                                                                                                                                                                                                                                                                        
175000532218|0580||T1019|||||20130109|000016.00|000067.52|||                                                                                                                                                                                                                                                                                                                                                                                                                                                        
175000532218|0580||T1019|||||20130110|000016.00|000067.52|||                                                                                                                                                                                                                                                                                                                                                                                                                                                        
175000532218|0580||T1019|||||20130111|000016.00|000067.52|||                                                                                                                                                                                                                                                                                                                                                                                                                                                        
175000532272|0580||T1019|||||20130108|000020.00|000084.40|||                                                                                                                                                                                                                                                                                                                                                                                                                                                        
175000532272|0580||T1019|||||20130110|000020.00|000084.40|||                                                                                                                                                                                                                                                                                                                                                                                                                                                        
175000532272|0580||T1019|||||20130111|000016.00|000067.52|||                                                                                                                                                                                                                                                                                                                                                                                                                                                        
175000532273|0580||T1019|||||20130105|000024.00|000101.28|||                                                                                                                                                                                                                                                                                                                                                                                                                                                        
175000532273|0580||T1019|||||20130107|000024.00|000101.28|||                                                                                                                                                                                                                                                                                                                                                                                                                                                        
175000532273|0580||T1019|||||20130108|000024.00|000101.28|||                                                                                                                                                                                                                                                                                                                                                                                                                                                        
175000532273|0580||T1019|||||20130109|000024.00|000101.28|||                                                                                                                                                                                                                                                                                                                                                                                                                                                        
175000532273|0580||T1019|||||20130110|000024.00|000101.28|||                                                                                                                                                                                                                                                                                                                                                                                                                                                        
175000532273|0580||T1019|||||20130111|000024.00|000101.28|||                                                                                                                                                                                                                                                                                                                                                                                                                                                        
175000532274|0580||T1019|||||20130107|000032.00|000135.04|||                                                                                                                                                                                                                                                                                                                                                                                                                                                        
175000532274|0580||T1019|||||20130108|000036.00|000151.92|||                                                                                                                                                                                                                                                                                                                                                                                                                                                        
175000532274|0580||T1019|||||20130109|000032.00|000135.04|||                                                                                                                                                                                                                                                                                                                                                                                                                                                        
175000532274|0580||T1019|||||20130110|000036.00|000151.92|||                                                                                                                                                                                                                                                                                                                                                                                                                                                        
175000532274|0580||T1019|||||20130111|000032.00|000135.04|||                                                                                                                                                                                                                                                                                                                                                                                                                                                        
175000532275|0580||T1019|||||20130107|000012.00|000050.64|||                                                                                                                                                                                                                                                                                                                                                                                                                                                        
175000532275|0580||T1019|||||20130109|000012.00|000050.64|||                                                                                                                                                                                                                                                                                                                                                                                                                                                        
175000532275|0580||T1019|||||20130111|000016.00|000067.52|||                                                                                                                                                                                                                                                                                                                                                                                                                                                        
175000532276|0580||T1019|||||20121214|000036.00|000151.92|||                                                                                                                                                                                                                                                                                                                                                                                                                                                        
175000532276|0580||T1019|||||20130105|000040.00|000168.80|||                                                                                                                                                                                                                                                                                                                                                                                                                                                        
175000532276|0580||T1019|||||20130106|000040.00|000168.80|||                                                                                                                                                                                                                                                                                                                                                                                                                                                        
175000532276|0580||T1019|||||20130107|000040.00|000168.80|||                                                                                                                                                                                                                                                                                                                                                                                                                                                        
175000532276|0580||T1019|||||20130108|000040.00|000168.80|||                                                                                                                                                                                                                                                                                                                                                                                                                                                        
175000532276|0580||T1019|||||20130109|000040.00|000168.80|||                                                                                                                                                                                                                                                                                                                                                                                                                                                        
175000532276|0580||T1019|||||20130111|000032.00|000135.04|||                                                                                                                                                                                                                                                                                                                                                                                                                                                        
175000532277|0580||T1019|||||20130107|000016.00|000067.52|||                                                                                                                                                                                                                                                                                                                                                                                                                                                        
175000532277|0580||T1019|||||20130108|000016.00|000067.52|||                                                                                                                                                                                                                                                                                                                                                                                                                                                        
175000532277|0580||T1019|||||20130109|000016.00|000067.52|||                                                                                                                                                                                                                                                                                                                                                                                                                                                        
175000532277|0580||T1019|||||20130110|000016.00|000067.52|||                                                                                                                                                                                                                                                                                                                                                                                                                                                        
175000532277|0580||T1019|||||20130111|000016.00|000067.52|||                                                                                                                                                                                                                                                                                                                                                                                                                                                        
175000532278|0580||T1019|||||20130105|000020.00|000084.40|||                                                                                                                                                                                                                                                                                                                                                                                                                                                        
175000532278|0580||T1019|||||20130106|000020.00|000084.40|||                                                                                                                                                                                                                                                                                                                                                                                                                                                        
175000532278|0580||T1019|||||20130107|000012.00|000050.64|||                                                                                                                                                                                                                                                                                                                                                                                                                                                        
175000532278|0580||T1019|||||20130108|000012.00|000050.64|||                                                                                                                                                                                                                                                                                                                                                                                                                                                        
175000532278|0580||T1019|||||20130109|000012.00|000050.64|||                                                                                                                                                                                                                                                                                                                                                                                                                                                        
175000532278|0580||T1019|||||20130110|000012.00|000050.64|||                                                                                                                                                                                                                                                                                                                                                                                                                                                        
175000532278|0580||T1019|||||20130111|000012.00|000050.64|||                                                                                                                                                                                                                                                                                                                                                                                                                                                        
175000532279|0580||T1019|||||20130105|000016.00|000067.52|||                                                                                                                                                                                                                                                                                                                                                                                                                                                        
175000532279|0580||T1019|||||20130106|000016.00|000067.52|||                                                                                                                                                                                                                                                                                                                                                                                                                                                        
175000532279|0580||T1019|||||20130107|000008.00|000033.76|||                                                                                                                                                                                                                                                                                                                                                                                                                                                        
175000532279|0580||T1019|||||20130108|000008.00|000033.76|||                                                                                                                                                                                                                                                                                                                                                                                                                                                        
175000532279|0580||T1019|||||20130109|000008.00|000033.76|||                                                                                                                                                                                                                                                                                                                                                                                                                                                        
175000532279|0580||T1019|||||20130110|000008.00|000033.76|||                                                                                                                                                                                                                                                                                                                                                                                                                                                        
175000532279|0580||T1019|||||20130111|000008.00|000033.76|||                                                                                                                                                                                                                                                                                                                                                                                                                                                        
175000532280|0580||T1019|||||20130105|000036.00|000151.92|||                                                                                                                                                                                                                                                                                                                                                                                                                                                        
175000532280|0580||T1019|||||20130106|000036.00|000151.92|||                                                                                                                                                                                                                                                                                                                                                                                                                                                        
175000532280|0580||T1019|||||20130107|000032.00|000135.04|||                                                                                                                                                                                                                                                                                                                                                                                                                                                        
175000532280|0580||T1019|||||20130108|000036.00|000151.92|||                                                                                                                                                                                                                                                                                                                                                                                                                                                        
175000532281|0580||T1019|||||20130109|000036.00|000151.92|||                                                                                                                                                                                                                                                                                                                                                                                                                                                        
175000532281|0580||T1019|||||20130110|000036.00|000151.92|||                                                                                                                                                                                                                                                                                                                                                                                                                                                        
175000532281|0580||T1019|||||20130111|000036.00|000151.92|||                                                                                                                                                                                                                                                                                                                                                                                                                                                        
175000532282|0580||T1019|||||20121214|000016.00|000067.52|||                                                                                                                                                                                                                                                                                                                                                                                                                                                        
175000532283|0580||T1019|||||20130108|000016.00|000067.52|||                                                                                                                                                                                                                                                                                                                                                                                                                                                        
175000532283|0580||T1019|||||20130109|000016.00|000067.52|||                                                                                                                                                                                                                                                                                                                                                                                                                                                        
175000532283|0580||T1019|||||20130110|000016.00|000067.52|||                                                                                                                                                                                                                                                                                                                                                                                                                                                        
175000532283|0580||T1019|||||20130111|000016.00|000067.52|||                                                                                                                                                                                                                                                                                                                                                                                                                                                        
175000532284|0580||T1019|||||20130108|000016.00|000067.52|||                                                                                                                                                                                                                                                                                                                                                                                                                                                        
175000532285|0580||T1019|||||20130109|000016.00|000067.52|||                                                                                                                                                                                                                                                                                                                                                                                                                                                        
175000532285|0580||T1019|||||20130110|000016.00|000067.52|||                                                                                                                                                                                                                                                                                                                                                                                                                                                        
175000532285|0580||T1019|||||20130111|000016.00|000067.52|||                                                                                                                                                                                                                                                                                                                                                                                                                                                        
175000532286|0570||T1019|1C||||20130107|000006.00|000095.40|||                                                                                                                                                                                                                                                                                                                                                                                                                                                      
175000532286|0570||T1019|1C||||20130108|000006.00|000095.40|||                                                                                                                                                                                                                                                                                                                                                                                                                                                      
175000532286|0570||T1019|1C||||20130109|000006.00|000095.40|||                                                                                                                                                                                                                                                                                                                                                                                                                                                      
175000532286|0570||T1019|1C||||20130110|000006.00|000095.40|||                                                                                                                                                                                                                                                                                                                                                                                                                                                      
175000532287|0570||T1019|1C||||20130107|000004.00|000063.60|||                                                                                                                                                                                                                                                                                                                                                                                                                                                      
175000532287|0570||T1019|1C||||20130108|000004.00|000063.60|||                                                                                                                                                                                                                                                                                                                                                                                                                                                      
175000532287|0570||T1019|1C||||20130109|000004.00|000063.60|||                                                                                                                                                                                                                                                                                                                                                                                                                                                      
175000532287|0570||T1019|1C||||20130110|000004.00|000063.60|||                                                                                                                                                                                                                                                                                                                                                                                                                                                      
175000532287|0570||T1019|1C||||20130111|000004.00|000063.60|||                                                                                                                                                                                                                                                                                                                                                                                                                                                      
