175000585409|0580||T1019|||||20130205|000024.00|000101.28|||                                                                                                                                                                                                                                                                                                                                                                                                                                                        
175000585409|0580||T1019|||||20130206|000020.00|000084.40|||                                                                                                                                                                                                                                                                                                                                                                                                                                                        
175000585409|0580||T1019|||||20130207|000020.00|000084.40|||                                                                                                                                                                                                                                                                                                                                                                                                                                                        
175000585409|0580||T1019|||||20130208|000020.00|000084.40|||                                                                                                                                                                                                                                                                                                                                                                                                                                                        
175000585410|0580||T1019|||||20130112|000048.00|000202.56|||                                                                                                                                                                                                                                                                                                                                                                                                                                                        
175000585410|0580||T1019|||||20130113|000048.00|000202.56|||                                                                                                                                                                                                                                                                                                                                                                                                                                                        
175000585410|0580||T1019|||||20130202|000048.00|000202.56|||                                                                                                                                                                                                                                                                                                                                                                                                                                                        
175000585410|0580||T1019|||||20130203|000048.00|000202.56|||                                                                                                                                                                                                                                                                                                                                                                                                                                                        
175000585410|0580||T1019|||||20130204|000048.00|000202.56|||                                                                                                                                                                                                                                                                                                                                                                                                                                                        
175000585410|0580||T1019|||||20130205|000048.00|000202.56|||                                                                                                                                                                                                                                                                                                                                                                                                                                                        
175000585410|0580||T1019|||||20130206|000048.00|000202.56|||                                                                                                                                                                                                                                                                                                                                                                                                                                                        
175000585410|0580||T1019|||||20130207|000048.00|000202.56|||                                                                                                                                                                                                                                                                                                                                                                                                                                                        
175000585410|0580||T1019|||||20130208|000048.00|000202.56|||                                                                                                                                                                                                                                                                                                                                                                                                                                                        
175000585411|0572||G0156|||||20130202|000008.00|000114.00|||                                                                                                                                                                                                                                                                                                                                                                                                                                                        
175000585411|0572||G0156|||||20130203|000008.00|000114.00|||                                                                                                                                                                                                                                                                                                                                                                                                                                                        
175000585411|0572||G0156|||||20130204|000008.00|000114.00|||                                                                                                                                                                                                                                                                                                                                                                                                                                                        
175000585411|0572||G0156|||||20130205|000008.00|000114.00|||                                                                                                                                                                                                                                                                                                                                                                                                                                                        
175000585411|0572||G0156|||||20130206|000008.00|000114.00|||                                                                                                                                                                                                                                                                                                                                                                                                                                                        
175000585411|0572||G0156|||||20130207|000008.00|000114.00|||                                                                                                                                                                                                                                                                                                                                                                                                                                                        
175000585411|0572||G0156|||||20130208|000008.00|000114.00|||                                                                                                                                                                                                                                                                                                                                                                                                                                                        
175000585412|0572||G0156|||||20130127|000012.00|000171.00|||                                                                                                                                                                                                                                                                                                                                                                                                                                                        
175000585412|0572||G0156|||||20130202|000012.00|000171.00|||                                                                                                                                                                                                                                                                                                                                                                                                                                                        
175000585412|0572||G0156|||||20130203|000012.00|000171.00|||                                                                                                                                                                                                                                                                                                                                                                                                                                                        
175000585412|0572||G0156|||||20130204|000012.00|000171.00|||                                                                                                                                                                                                                                                                                                                                                                                                                                                        
175000585412|0572||G0156|||||20130205|000012.00|000171.00|||                                                                                                                                                                                                                                                                                                                                                                                                                                                        
175000585412|0572||G0156|||||20130206|000012.00|000171.00|||                                                                                                                                                                                                                                                                                                                                                                                                                                                        
175000585412|0572||G0156|||||20130207|000006.75|000096.19|||                                                                                                                                                                                                                                                                                                                                                                                                                                                        
175000585412|0572||G0156|||||20130208|000012.00|000171.00|||                                                                                                                                                                                                                                                                                                                                                                                                                                                        
175000585413|0580||T1019|||||20130204|000016.00|000067.52|||                                                                                                                                                                                                                                                                                                                                                                                                                                                        
175000585413|0580||T1019|||||20130205|000016.00|000067.52|||                                                                                                                                                                                                                                                                                                                                                                                                                                                        
175000585413|0580||T1019|||||20130206|000016.00|000067.52|||                                                                                                                                                                                                                                                                                                                                                                                                                                                        
175000585413|0580||T1019|||||20130207|000016.00|000067.52|||                                                                                                                                                                                                                                                                                                                                                                                                                                                        
175000585413|0580||T1019|||||20130208|000016.00|000067.52|||                                                                                                                                                                                                                                                                                                                                                                                                                                                        
175000585414|0580||T1019|||||20130204|000036.00|000151.92|||                                                                                                                                                                                                                                                                                                                                                                                                                                                        
175000585414|0580||T1019|||||20130205|000036.00|000151.92|||                                                                                                                                                                                                                                                                                                                                                                                                                                                        
175000585414|0580||T1019|||||20130206|000036.00|000151.92|||                                                                                                                                                                                                                                                                                                                                                                                                                                                        
175000585414|0580||T1019|||||20130207|000036.00|000151.92|||                                                                                                                                                                                                                                                                                                                                                                                                                                                        
175000585414|0580||T1019|||||20130208|000032.00|000135.04|||                                                                                                                                                                                                                                                                                                                                                                                                                                                        
175000585415|0580||T1019|||||20130202|000028.00|000118.16|||                                                                                                                                                                                                                                                                                                                                                                                                                                                        
175000585415|0580||T1019|||||20130203|000028.00|000118.16|||                                                                                                                                                                                                                                                                                                                                                                                                                                                        
175000585415|0580||T1019|||||20130204|000028.00|000118.16|||                                                                                                                                                                                                                                                                                                                                                                                                                                                        
175000585415|0580||T1019|||||20130205|000028.00|000118.16|||                                                                                                                                                                                                                                                                                                                                                                                                                                                        
175000585415|0580||T1019|||||20130206|000028.00|000118.16|||                                                                                                                                                                                                                                                                                                                                                                                                                                                        
175000585415|0580||T1019|||||20130207|000028.00|000118.16|||                                                                                                                                                                                                                                                                                                                                                                                                                                                        
175000585415|0580||T1019|||||20130208|000024.00|000101.28|||                                                                                                                                                                                                                                                                                                                                                                                                                                                        
175000585416|0580||T1019|||||20130202|000048.00|000202.56|||                                                                                                                                                                                                                                                                                                                                                                                                                                                        
175000585416|0580||T1019|||||20130203|000048.00|000202.56|||                                                                                                                                                                                                                                                                                                                                                                                                                                                        
175000585416|0580||T1019|||||20130204|000048.00|000202.56|||                                                                                                                                                                                                                                                                                                                                                                                                                                                        
175000585416|0580||T1019|||||20130205|000048.00|000202.56|||                                                                                                                                                                                                                                                                                                                                                                                                                                                        
175000585416|0580||T1019|||||20130206|000048.00|000202.56|||                                                                                                                                                                                                                                                                                                                                                                                                                                                        
175000585416|0580||T1019|||||20130207|000048.00|000202.56|||                                                                                                                                                                                                                                                                                                                                                                                                                                                        
175000585416|0580||T1019|||||20130208|000036.00|000151.92|||                                                                                                                                                                                                                                                                                                                                                                                                                                                        
175000585417|0580||T1019|||||20130122|000016.00|000067.52|||                                                                                                                                                                                                                                                                                                                                                                                                                                                        
175000585417|0580||T1019|||||20130124|000016.00|000067.52|||                                                                                                                                                                                                                                                                                                                                                                                                                                                        
175000585417|0580||T1019|||||20130125|000016.00|000067.52|||                                                                                                                                                                                                                                                                                                                                                                                                                                                        
175000585417|0580||T1019|||||20130205|000016.00|000067.52|||                                                                                                                                                                                                                                                                                                                                                                                                                                                        
175000585417|0580||T1019|||||20130207|000016.00|000067.52|||                                                                                                                                                                                                                                                                                                                                                                                                                                                        
175000585417|0580||T1019|||||20130208|000016.00|000067.52|||                                                                                                                                                                                                                                                                                                                                                                                                                                                        
175000585418|0580||T1019|||||20130202|000048.00|000202.56|||                                                                                                                                                                                                                                                                                                                                                                                                                                                        
175000585418|0580||T1019|||||20130203|000048.00|000202.56|||                                                                                                                                                                                                                                                                                                                                                                                                                                                        
175000585418|0580||T1019|||||20130204|000048.00|000202.56|||                                                                                                                                                                                                                                                                                                                                                                                                                                                        
175000585418|0580||T1019|||||20130205|000048.00|000202.56|||                                                                                                                                                                                                                                                                                                                                                                                                                                                        
175000585418|0580||T1019|||||20130206|000048.00|000202.56|||                                                                                                                                                                                                                                                                                                                                                                                                                                                        
175000585418|0580||T1019|||||20130208|000048.00|000202.56|||                                                                                                                                                                                                                                                                                                                                                                                                                                                        
175000585419|0580||T1019|||||20130202|000032.00|000135.04|||                                                                                                                                                                                                                                                                                                                                                                                                                                                        
175000585419|0580||T1019|||||20130203|000032.00|000135.04|||                                                                                                                                                                                                                                                                                                                                                                                                                                                        
175000585419|0580||T1019|||||20130204|000032.00|000135.04|||                                                                                                                                                                                                                                                                                                                                                                                                                                                        
175000585419|0580||T1019|||||20130205|000032.00|000135.04|||                                                                                                                                                                                                                                                                                                                                                                                                                                                        
175000585419|0580||T1019|||||20130207|000032.00|000135.04|||                                                                                                                                                                                                                                                                                                                                                                                                                                                        
175000585419|0580||T1019|||||20130208|000032.00|000135.04|||                                                                                                                                                                                                                                                                                                                                                                                                                                                        
175000585420|0580||T1019|||||20130204|000020.00|000084.40|||                                                                                                                                                                                                                                                                                                                                                                                                                                                        
175000585420|0580||T1019|||||20130205|000020.00|000084.40|||                                                                                                                                                                                                                                                                                                                                                                                                                                                        
175000585420|0580||T1019|||||20130206|000017.00|000071.74|||                                                                                                                                                                                                                                                                                                                                                                                                                                                        
175000585420|0580||T1019|||||20130207|000020.00|000084.40|||                                                                                                                                                                                                                                                                                                                                                                                                                                                        
175000585420|0580||T1019|||||20130208|000020.00|000084.40|||                                                                                                                                                                                                                                                                                                                                                                                                                                                        
175000585421|0580||T1019|||||20130204|000016.00|000067.52|||                                                                                                                                                                                                                                                                                                                                                                                                                                                        
175000585421|0580||T1019|||||20130205|000016.00|000067.52|||                                                                                                                                                                                                                                                                                                                                                                                                                                                        
175000585421|0580||T1019|||||20130207|000016.00|000067.52|||                                                                                                                                                                                                                                                                                                                                                                                                                                                        
175000585421|0580||T1019|||||20130208|000016.00|000067.52|||                                                                                                                                                                                                                                                                                                                                                                                                                                                        
175000585422|0580||T1019|||||20130206|000040.00|000168.80|||                                                                                                                                                                                                                                                                                                                                                                                                                                                        
175000585422|0580||T1019|||||20130207|000040.00|000168.80|||                                                                                                                                                                                                                                                                                                                                                                                                                                                        
175000585423|0580||T1019|||||20130130|000040.00|000168.80|||                                                                                                                                                                                                                                                                                                                                                                                                                                                        
175000585423|0580||T1019|||||20130204|000040.00|000168.80|||                                                                                                                                                                                                                                                                                                                                                                                                                                                        
175000585423|0580||T1019|||||20130205|000040.00|000168.80|||                                                                                                                                                                                                                                                                                                                                                                                                                                                        
175000585423|0580||T1019|||||20130207|000040.00|000168.80|||                                                                                                                                                                                                                                                                                                                                                                                                                                                        
175000585424|0580||T1019|||||20130202|000020.00|000084.40|||                                                                                                                                                                                                                                                                                                                                                                                                                                                        
175000585424|0580||T1019|||||20130203|000020.00|000084.40|||                                                                                                                                                                                                                                                                                                                                                                                                                                                        
175000585424|0580||T1019|||||20130204|000020.00|000084.40|||                                                                                                                                                                                                                                                                                                                                                                                                                                                        
175000585424|0580||T1019|||||20130205|000020.00|000084.40|||                                                                                                                                                                                                                                                                                                                                                                                                                                                        
175000585424|0580||T1019|||||20130206|000020.00|000084.40|||                                                                                                                                                                                                                                                                                                                                                                                                                                                        
175000585424|0580||T1019|||||20130207|000020.00|000084.40|||                                                                                                                                                                                                                                                                                                                                                                                                                                                        
175000585425|0580||T1019|||||20130208|000020.00|000084.40|||                                                                                                                                                                                                                                                                                                                                                                                                                                                        
175000585426|0580||T1019|||||20130204|000016.00|000067.52|||                                                                                                                                                                                                                                                                                                                                                                                                                                                        
175000585426|0580||T1019|||||20130205|000016.00|000067.52|||                                                                                                                                                                                                                                                                                                                                                                                                                                                        
175000585426|0580||T1019|||||20130206|000016.00|000067.52|||                                                                                                                                                                                                                                                                                                                                                                                                                                                        
175000585426|0580||T1019|||||20130207|000016.00|000067.52|||                                                                                                                                                                                                                                                                                                                                                                                                                                                        
175000585426|0580||T1019|||||20130208|000016.00|000067.52|||                                                                                                                                                                                                                                                                                                                                                                                                                                                        
175000585481|0580||T1019|||||20130202|000040.00|000168.80|||                                                                                                                                                                                                                                                                                                                                                                                                                                                        
175000585481|0580||T1019|||||20130203|000040.00|000168.80|||                                                                                                                                                                                                                                                                                                                                                                                                                                                        
175000585481|0580||T1019|||||20130204|000040.00|000168.80|||                                                                                                                                                                                                                                                                                                                                                                                                                                                        
175000585481|0580||T1019|||||20130205|000036.00|000151.92|||                                                                                                                                                                                                                                                                                                                                                                                                                                                        
175000585481|0580||T1019|||||20130206|000040.00|000168.80|||                                                                                                                                                                                                                                                                                                                                                                                                                                                        
175000585481|0580||T1019|||||20130207|000040.00|000168.80|||                                                                                                                                                                                                                                                                                                                                                                                                                                                        
175000585481|0580||T1019|||||20130208|000036.00|000151.92|||                                                                                                                                                                                                                                                                                                                                                                                                                                                        
175000585482|0580||T1019|||||20130204|000016.00|000067.52|||                                                                                                                                                                                                                                                                                                                                                                                                                                                        
175000585482|0580||T1019|||||20130205|000016.00|000067.52|||                                                                                                                                                                                                                                                                                                                                                                                                                                                        
175000585482|0580||T1019|||||20130206|000016.00|000067.52|||                                                                                                                                                                                                                                                                                                                                                                                                                                                        
175000585482|0580||T1019|||||20130207|000016.00|000067.52|||                                                                                                                                                                                                                                                                                                                                                                                                                                                        
175000585482|0580||T1019|||||20130208|000016.00|000067.52|||                                                                                                                                                                                                                                                                                                                                                                                                                                                        
175000585483|0582||S5130|||||20130207|000016.00|000067.52|||                                                                                                                                                                                                                                                                                                                                                                                                                                                        
175000585483|0582||S5130|||||20130208|000016.00|000067.52|||                                                                                                                                                                                                                                                                                                                                                                                                                                                        
175000585484|0580||T1019|||||20130202|000020.00|000084.40|||                                                                                                                                                                                                                                                                                                                                                                                                                                                        
175000585484|0580||T1019|||||20130203|000020.00|000084.40|||                                                                                                                                                                                                                                                                                                                                                                                                                                                        
175000585484|0580||T1019|||||20130204|000012.00|000050.64|||                                                                                                                                                                                                                                                                                                                                                                                                                                                        
175000585484|0580||T1019|||||20130205|000012.00|000050.64|||                                                                                                                                                                                                                                                                                                                                                                                                                                                        
175000585484|0580||T1019|||||20130206|000012.00|000050.64|||                                                                                                                                                                                                                                                                                                                                                                                                                                                        
175000585484|0580||T1019|||||20130207|000012.00|000050.64|||                                                                                                                                                                                                                                                                                                                                                                                                                                                        
175000585484|0580||T1019|||||20130208|000012.00|000050.64|||                                                                                                                                                                                                                                                                                                                                                                                                                                                        
175000585485|0580||T1019|||||20130202|000016.00|000067.52|||                                                                                                                                                                                                                                                                                                                                                                                                                                                        
175000585485|0580||T1019|||||20130203|000016.00|000067.52|||                                                                                                                                                                                                                                                                                                                                                                                                                                                        
175000585485|0580||T1019|||||20130204|000008.00|000033.76|||                                                                                                                                                                                                                                                                                                                                                                                                                                                        
175000585485|0580||T1019|||||20130205|000008.00|000033.76|||                                                                                                                                                                                                                                                                                                                                                                                                                                                        
175000585485|0580||T1019|||||20130206|000008.00|000033.76|||                                                                                                                                                                                                                                                                                                                                                                                                                                                        
175000585485|0580||T1019|||||20130207|000008.00|000033.76|||                                                                                                                                                                                                                                                                                                                                                                                                                                                        
175000585485|0580||T1019|||||20130208|000008.00|000033.76|||                                                                                                                                                                                                                                                                                                                                                                                                                                                        
175000585486|0580||T1019|||||20130123|000016.00|000060.00|||                                                                                                                                                                                                                                                                                                                                                                                                                                                        
175000585486|0580||T1019|||||20130204|000024.00|000090.00|||                                                                                                                                                                                                                                                                                                                                                                                                                                                        
175000585486|0580||T1019|||||20130205|000020.00|000075.00|||                                                                                                                                                                                                                                                                                                                                                                                                                                                        
175000585486|0580||T1019|||||20130206|000016.00|000060.00|||                                                                                                                                                                                                                                                                                                                                                                                                                                                        
175000585486|0580||T1019|||||20130207|000024.00|000090.00|||                                                                                                                                                                                                                                                                                                                                                                                                                                                        
175000585486|0580||T1019|||||20130208|000020.00|000075.00|||                                                                                                                                                                                                                                                                                                                                                                                                                                                        
175000585487|0580||T1019|||||20130202|000024.00|000090.00|||                                                                                                                                                                                                                                                                                                                                                                                                                                                        
175000585487|0580||T1019|||||20130204|000024.00|000090.00|||                                                                                                                                                                                                                                                                                                                                                                                                                                                        
175000585487|0580||T1019|||||20130205|000024.00|000090.00|||                                                                                                                                                                                                                                                                                                                                                                                                                                                        
175000585487|0580||T1019|||||20130206|000024.00|000090.00|||                                                                                                                                                                                                                                                                                                                                                                                                                                                        
175000585487|0580||T1019|||||20130207|000024.00|000090.00|||                                                                                                                                                                                                                                                                                                                                                                                                                                                        
175000585487|0580||T1019|||||20130208|000024.00|000090.00|||                                                                                                                                                                                                                                                                                                                                                                                                                                                        
175000585488|0580||T1019|||||20130123|000032.00|000120.00|||                                                                                                                                                                                                                                                                                                                                                                                                                                                        
175000585488|0580||T1019|||||20130204|000032.00|000120.00|||                                                                                                                                                                                                                                                                                                                                                                                                                                                        
175000585488|0580||T1019|||||20130205|000036.00|000135.00|||                                                                                                                                                                                                                                                                                                                                                                                                                                                        
175000585488|0580||T1019|||||20130206|000032.00|000120.00|||                                                                                                                                                                                                                                                                                                                                                                                                                                                        
175000585488|0580||T1019|||||20130207|000036.00|000135.00|||                                                                                                                                                                                                                                                                                                                                                                                                                                                        
175000585488|0580||T1019|||||20130208|000032.00|000120.00|||                                                                                                                                                                                                                                                                                                                                                                                                                                                        
175000585489|0580||T1019|||||20130202|000036.00|000151.92|||                                                                                                                                                                                                                                                                                                                                                                                                                                                        
175000585489|0580||T1019|||||20130203|000036.00|000151.92|||                                                                                                                                                                                                                                                                                                                                                                                                                                                        
175000585489|0580||T1019|||||20130204|000036.00|000151.92|||                                                                                                                                                                                                                                                                                                                                                                                                                                                        
175000585489|0580||T1019|||||20130205|000032.00|000135.04|||                                                                                                                                                                                                                                                                                                                                                                                                                                                        
175000585489|0580||T1019|||||20130206|000036.00|000151.92|||                                                                                                                                                                                                                                                                                                                                                                                                                                                        
175000585489|0580||T1019|||||20130207|000036.00|000151.92|||                                                                                                                                                                                                                                                                                                                                                                                                                                                        
175000585489|0580||T1019|||||20130208|000036.00|000151.92|||                                                                                                                                                                                                                                                                                                                                                                                                                                                        
175000585490|0580||T1019|||||20130206|000016.00|000067.52|||                                                                                                                                                                                                                                                                                                                                                                                                                                                        
175000585490|0580||T1019|||||20130207|000016.00|000067.52|||                                                                                                                                                                                                                                                                                                                                                                                                                                                        
175000585491|0580||T1019|||||20130131|000016.00|000067.52|||                                                                                                                                                                                                                                                                                                                                                                                                                                                        
175000585491|0580||T1019|||||20130206|000016.00|000067.52|||                                                                                                                                                                                                                                                                                                                                                                                                                                                        
175000585491|0580||T1019|||||20130207|000016.00|000067.52|||                                                                                                                                                                                                                                                                                                                                                                                                                                                        
175000585492|0570||T1019|1C||||20130204|000006.00|000095.40|||                                                                                                                                                                                                                                                                                                                                                                                                                                                      
175000585492|0570||T1019|1C||||20130205|000006.00|000095.40|||                                                                                                                                                                                                                                                                                                                                                                                                                                                      
175000585492|0570||T1019|1C||||20130206|000006.00|000095.40|||                                                                                                                                                                                                                                                                                                                                                                                                                                                      
175000585492|0570||T1019|1C||||20130207|000006.00|000095.40|||                                                                                                                                                                                                                                                                                                                                                                                                                                                      
175000585492|0570||T1019|1C||||20130208|000006.00|000095.40|||                                                                                                                                                                                                                                                                                                                                                                                                                                                      
175000585493|0570||T1019|1C||||20130202|000012.00|000190.80|||                                                                                                                                                                                                                                                                                                                                                                                                                                                      
175000585493|0570||T1019|1C||||20130207|000012.00|000190.80|||                                                                                                                                                                                                                                                                                                                                                                                                                                                      
175000585493|0570||T1019|1C||||20130208|000009.00|000143.10|||                                                                                                                                                                                                                                                                                                                                                                                                                                                      
175000585494|0570||T1019|1C||||20130202|000004.00|000063.60|||                                                                                                                                                                                                                                                                                                                                                                                                                                                      
175000585494|0570||T1019|1C||||20130203|000004.00|000063.60|||                                                                                                                                                                                                                                                                                                                                                                                                                                                      
175000585494|0570||T1019|1C||||20130204|000004.00|000063.60|||                                                                                                                                                                                                                                                                                                                                                                                                                                                      
175000585494|0570||T1019|1C||||20130205|000004.00|000063.60|||                                                                                                                                                                                                                                                                                                                                                                                                                                                      
175000585494|0570||T1019|1C||||20130206|000004.00|000063.60|||                                                                                                                                                                                                                                                                                                                                                                                                                                                      
175000585494|0570||T1019|1C||||20130207|000004.00|000063.60|||                                                                                                                                                                                                                                                                                                                                                                                                                                                      
175000585494|0570||T1019|1C||||20130208|000004.00|000063.60|||                                                                                                                                                                                                                                                                                                                                                                                                                                                      
175000585495|0570||T1019|1C||||20130204|000004.00|000063.60|||                                                                                                                                                                                                                                                                                                                                                                                                                                                      
175000585495|0570||T1019|1C||||20130205|000004.00|000063.60|||                                                                                                                                                                                                                                                                                                                                                                                                                                                      
175000585495|0570||T1019|1C||||20130206|000004.00|000063.60|||                                                                                                                                                                                                                                                                                                                                                                                                                                                      
175000585495|0570||T1019|1C||||20130207|000004.00|000063.60|||                                                                                                                                                                                                                                                                                                                                                                                                                                                      
175000585495|0570||T1019|1C||||20130208|000004.00|000063.60|||                                                                                                                                                                                                                                                                                                                                                                                                                                                      
175000585496|0570||T1019|1C||||20130204|000004.00|000063.60|||                                                                                                                                                                                                                                                                                                                                                                                                                                                      
175000585496|0570||T1019|1C||||20130205|000004.00|000063.60|||                                                                                                                                                                                                                                                                                                                                                                                                                                                      
175000585496|0570||T1019|1C||||20130206|000004.00|000063.60|||                                                                                                                                                                                                                                                                                                                                                                                                                                                      
175000585496|0570||T1019|1C||||20130207|000004.00|000063.60|||                                                                                                                                                                                                                                                                                                                                                                                                                                                      
175000585496|0570||T1019|1C||||20130208|000004.00|000063.60|||                                                                                                                                                                                                                                                                                                                                                                                                                                                      
