175000828446|0580||T1019|||||20130402|000011.00|000156.75|||                                                                                                                                                                                                                                                                                                                                                                                                                                                        
175000828447|0580||T1019|||||20130403|000012.00|000171.00|||                                                                                                                                                                                                                                                                                                                                                                                                                                                        
175000828448|0580||T1019|||||20130404|000012.00|000171.00|||                                                                                                                                                                                                                                                                                                                                                                                                                                                        
175000828449|0580||T1019|||||20130405|000012.00|000171.00|||                                                                                                                                                                                                                                                                                                                                                                                                                                                        
175000828450|0580||T1019|||||20130406|000012.00|000171.00|||                                                                                                                                                                                                                                                                                                                                                                                                                                                        
175000828451|0580||T1019|||||20130407|000012.00|000171.00|||                                                                                                                                                                                                                                                                                                                                                                                                                                                        
175000828452|0580||T1019|||||20130409|000012.00|000171.00|||                                                                                                                                                                                                                                                                                                                                                                                                                                                        
175000828453|0580||T1019|||||20130410|000011.00|000156.75|||                                                                                                                                                                                                                                                                                                                                                                                                                                                        
175000828454|0580||T1019|||||20130411|000012.00|000171.00|||                                                                                                                                                                                                                                                                                                                                                                                                                                                        
175000828455|0580||T1019|||||20130412|000012.00|000171.00|||                                                                                                                                                                                                                                                                                                                                                                                                                                                        
175000828456|0580||T1019|||||20130413|000012.00|000171.00|||                                                                                                                                                                                                                                                                                                                                                                                                                                                        
175000828457|0580||T1019|||||20130415|000012.00|000171.00|||                                                                                                                                                                                                                                                                                                                                                                                                                                                        
175000828458|0580||T1019|||||20130416|000012.00|000171.00|||                                                                                                                                                                                                                                                                                                                                                                                                                                                        
175000828459|0580||T1019|||||20130418|000012.00|000171.00|||                                                                                                                                                                                                                                                                                                                                                                                                                                                        
175000828460|0580||T1019|||||20130419|000012.00|000171.00|||                                                                                                                                                                                                                                                                                                                                                                                                                                                        
175000828461|0580||T1019|||||20130420|000012.00|000171.00|||                                                                                                                                                                                                                                                                                                                                                                                                                                                        
175000828462|0580||T1019|||||20130421|000012.00|000171.00|||                                                                                                                                                                                                                                                                                                                                                                                                                                                        
175000828463|0580||T1019|||||20130422|000009.00|000128.25|||                                                                                                                                                                                                                                                                                                                                                                                                                                                        
175000828464|0580||T1019|||||20130423|000012.00|000171.00|||                                                                                                                                                                                                                                                                                                                                                                                                                                                        
175000828465|0580||T1019|||||20130424|000011.00|000156.75|||                                                                                                                                                                                                                                                                                                                                                                                                                                                        
175000828466|0580||T1019|||||20130425|000012.00|000171.00|||                                                                                                                                                                                                                                                                                                                                                                                                                                                        
175000828467|0580||T1019|||||20130426|000012.00|000171.00|||                                                                                                                                                                                                                                                                                                                                                                                                                                                        
175000828468|0580||T1019|||||20130427|000012.00|000171.00|||                                                                                                                                                                                                                                                                                                                                                                                                                                                        
175000828469|0580||T1019|||||20130428|000012.00|000171.00|||                                                                                                                                                                                                                                                                                                                                                                                                                                                        
175000828470|0580||T1019|||||20130429|000011.00|000156.75|||                                                                                                                                                                                                                                                                                                                                                                                                                                                        
175000828471|0580||T1019|||||20130430|000011.00|000156.75|||                                                                                                                                                                                                                                                                                                                                                                                                                                                        
175000828472|0580||T1019|||||20130501|000009.50|000135.38|||                                                                                                                                                                                                                                                                                                                                                                                                                                                        
175000828473|0580||T1019|||||20130502|000012.00|000171.00|||                                                                                                                                                                                                                                                                                                                                                                                                                                                        
175000828474|0580||T1019|||||20130503|000012.00|000171.00|||                                                                                                                                                                                                                                                                                                                                                                                                                                                        
